CFrames = {
CFrame.new(221.300323, 45.000000, 537.899780),
CFrame.new(221.300323, 46.000000, 537.899780),
CFrame.new(221.300323, 47.000000, 536.899780),
CFrame.new(221.300323, 48.000000, 535.899780),
CFrame.new(221.300323, 48.000000, 533.899780),
CFrame.new(221.300323, 47.000000, 532.899780),
CFrame.new(221.300323, 48.000000, 524.899780),
CFrame.new(221.300323, 37.000000, 536.899780),
CFrame.new(221.300323, 39.000000, 535.899780),
CFrame.new(221.300323, 46.000000, 531.899780),
CFrame.new(221.300323, 45.000000, 530.899780),
CFrame.new(221.300323, 43.000000, 530.899780),
CFrame.new(221.300323, 36.000000, 524.899780),
CFrame.new(221.300323, 38.000000, 524.899780),
CFrame.new(221.300323, 40.000000, 524.899780),
CFrame.new(221.300323, 42.000000, 524.899780),
CFrame.new(221.300323, 38.000000, 521.899780),
CFrame.new(221.300323, 44.000000, 524.899780),
CFrame.new(221.300323, 40.000000, 520.899780),
CFrame.new(221.300323, 46.000000, 524.899780),
CFrame.new(221.300323, 42.000000, 519.899780),
CFrame.new(221.300323, 43.000000, 518.899780),
CFrame.new(221.300323, 44.000000, 517.899780),
CFrame.new(221.300323, 47.000000, 515.899780),
CFrame.new(221.300323, 45.000000, 516.899780),
CFrame.new(221.300323, 48.000000, 514.899780),
CFrame.new(221.300323, 46.000000, 514.899780),
CFrame.new(221.300323, 44.000000, 514.899780),
CFrame.new(221.300323, 35.000000, 537.899780),
CFrame.new(221.300323, 33.000000, 537.899780),
CFrame.new(221.300323, 32.000000, 536.899780),
CFrame.new(221.300323, 31.000000, 535.899780),
CFrame.new(221.300323, 30.000000, 534.899780),
CFrame.new(221.300323, 39.000000, 533.899780),
CFrame.new(221.300323, 39.000000, 533.899780),
CFrame.new(221.300323, 30.000000, 532.899780),
CFrame.new(221.300323, 39.000000, 531.899780),
CFrame.new(221.300323, 31.000000, 531.899780),
CFrame.new(221.300323, 41.000000, 530.899780),
CFrame.new(221.300323, 32.000000, 530.899780),
CFrame.new(221.300323, 33.000000, 530.899780),
CFrame.new(221.300323, 30.000000, 508.899780),
CFrame.new(221.300323, 42.000000, 501.899780),
CFrame.new(221.300323, 40.000000, 501.899780),
CFrame.new(221.300323, 36.000000, 501.899780),
CFrame.new(221.300323, 38.000000, 501.899780),
CFrame.new(221.300323, 48.000000, 508.899780),
CFrame.new(221.300323, 30.000000, 524.899780),
CFrame.new(221.300323, 32.000000, 524.899780),
CFrame.new(221.300323, 34.000000, 524.899780),
CFrame.new(221.300323, 35.000000, 523.899780),
CFrame.new(221.300323, 37.000000, 522.899780),
CFrame.new(221.300323, 42.000000, 514.899780),
CFrame.new(221.300323, 40.000000, 514.899780),
CFrame.new(221.300323, 38.000000, 514.899780),
CFrame.new(221.300323, 36.000000, 514.899780),
CFrame.new(221.300323, 34.000000, 514.899780),
CFrame.new(221.300323, 32.000000, 514.899780),
CFrame.new(221.300323, 30.000000, 514.899780),
CFrame.new(221.100311, 30.000000, 482.899780),
CFrame.new(221.100311, 30.000000, 490.899780),
CFrame.new(221.100311, 38.000000, 490.899780),
CFrame.new(221.100311, 36.000000, 490.899780),
CFrame.new(221.100311, 34.000000, 490.899780),
CFrame.new(221.100311, 32.000000, 490.899780),
CFrame.new(221.100311, 34.000000, 482.899780),
CFrame.new(221.100311, 32.000000, 482.899780),
CFrame.new(221.300323, 30.000000, 504.899780),
CFrame.new(221.300323, 32.000000, 501.899780),
CFrame.new(221.300323, 34.000000, 501.899780),
CFrame.new(221.300323, 46.000000, 501.899780),
CFrame.new(221.300323, 44.000000, 501.899780),
CFrame.new(221.300323, 30.000000, 500.899780),
CFrame.new(221.300323, 48.000000, 504.899780),
CFrame.new(221.300323, 30.000000, 496.899780),
CFrame.new(221.100311, 44.000000, 490.899780),
CFrame.new(221.100311, 30.000000, 474.899780),
CFrame.new(221.100311, 32.000000, 474.899780),
CFrame.new(221.100311, 34.000000, 474.899780),
CFrame.new(221.100311, 42.000000, 490.899780),
CFrame.new(221.100311, 40.000000, 490.899780),
CFrame.new(221.100311, 40.000000, 482.899780),
CFrame.new(221.100311, 38.000000, 482.899780),
CFrame.new(221.100311, 36.000000, 482.899780),
CFrame.new(221.300323, 48.000000, 500.899780),
CFrame.new(221.300323, 48.000000, 496.899780),
CFrame.new(220.200317, 30.000000, 456.899902),
CFrame.new(220.200317, 30.000000, 456.899902),
CFrame.new(220.200317, 30.000000, 460.899902),
CFrame.new(220.200317, 30.000000, 464.899902),
CFrame.new(220.200317, 32.000000, 466.899902),
CFrame.new(220.200317, 34.000000, 468.899902),
CFrame.new(220.200317, 36.000000, 468.899902),
CFrame.new(221.100311, 36.000000, 474.899780),
CFrame.new(221.100311, 38.000000, 474.899780),
CFrame.new(221.100311, 40.000000, 474.899780),
CFrame.new(221.100311, 42.000000, 482.899780),
CFrame.new(221.100311, 46.000000, 488.899780),
CFrame.new(221.100311, 44.000000, 482.899780),
CFrame.new(220.200317, 32.000000, 450.899902),
CFrame.new(220.200317, 32.000000, 450.899902),
CFrame.new(220.200317, 30.000000, 450.899902),
CFrame.new(220.200317, 30.000000, 450.899902),
CFrame.new(220.200317, 32.000000, 456.899902),
CFrame.new(220.200317, 32.000000, 456.899902),
CFrame.new(220.200317, 34.000000, 456.899902),
CFrame.new(220.200317, 34.000000, 456.899902),
CFrame.new(220.200317, 38.000000, 468.899902),
CFrame.new(220.200317, 40.000000, 468.899902),
CFrame.new(221.100311, 44.000000, 474.899780),
CFrame.new(221.100311, 42.000000, 474.899780),
CFrame.new(221.100311, 48.000000, 486.899780),
CFrame.new(221.100311, 48.000000, 482.899780),
CFrame.new(221.100311, 46.000000, 482.899780),
CFrame.new(220.200317, 34.000000, 450.899902),
CFrame.new(220.200317, 34.000000, 450.899902),
CFrame.new(220.200317, 30.000000, 442.899902),
CFrame.new(220.200317, 30.000000, 442.899902),
CFrame.new(220.200317, 36.000000, 456.899902),
CFrame.new(220.200317, 36.000000, 456.899902),
CFrame.new(220.200317, 38.000000, 456.899902),
CFrame.new(220.200317, 38.000000, 456.899902),
CFrame.new(220.200317, 44.000000, 468.899902),
CFrame.new(220.200317, 42.000000, 468.899902),
CFrame.new(221.100311, 46.000000, 476.899780),
CFrame.new(221.100311, 48.000000, 478.899780),
CFrame.new(220.200317, 32.000000, 429.899902),
CFrame.new(220.200317, 32.000000, 429.899902),
CFrame.new(220.200317, 30.000000, 429.899902),
CFrame.new(220.200317, 30.000000, 429.899902),
CFrame.new(220.200317, 30.000000, 425.899902),
CFrame.new(220.200317, 30.000000, 425.899902),
CFrame.new(220.200317, 32.000000, 425.899902),
CFrame.new(220.200317, 32.000000, 425.899902),
CFrame.new(220.200317, 30.000000, 421.899902),
CFrame.new(220.200317, 30.000000, 421.899902),
CFrame.new(220.200317, 40.000000, 442.899902),
CFrame.new(220.200317, 40.000000, 442.899902),
CFrame.new(220.200317, 38.000000, 442.899902),
CFrame.new(220.200317, 38.000000, 442.899902),
CFrame.new(220.200317, 40.000000, 446.899902),
CFrame.new(220.200317, 38.000000, 446.899902),
CFrame.new(220.200317, 36.000000, 442.899902),
CFrame.new(220.200317, 36.000000, 442.899902),
CFrame.new(220.200317, 34.000000, 442.899902),
CFrame.new(220.200317, 34.000000, 442.899902),
CFrame.new(220.200317, 32.000000, 442.899902),
CFrame.new(220.200317, 32.000000, 442.899902),
CFrame.new(220.200317, 42.000000, 450.899902),
CFrame.new(220.200317, 40.000000, 450.899902),
CFrame.new(220.200317, 40.000000, 450.899902),
CFrame.new(220.200317, 42.000000, 450.899902),
CFrame.new(220.200317, 38.000000, 450.899902),
CFrame.new(220.200317, 36.000000, 450.899902),
CFrame.new(220.200317, 36.000000, 450.899902),
CFrame.new(220.200317, 38.000000, 450.899902),
CFrame.new(220.200317, 40.000000, 456.899902),
CFrame.new(220.200317, 40.000000, 456.899902),
CFrame.new(220.200317, 42.000000, 456.899902),
CFrame.new(220.200317, 42.000000, 456.899902),
CFrame.new(220.200317, 44.000000, 456.899902),
CFrame.new(220.200317, 46.000000, 456.899902),
CFrame.new(220.200317, 46.000000, 466.899902),
CFrame.new(220.200317, 48.000000, 460.899902),
CFrame.new(220.200317, 48.000000, 464.899902),
CFrame.new(220.200317, 30.000000, 401.899902),
CFrame.new(220.200317, 30.000000, 401.899902),
CFrame.new(220.200317, 32.000000, 407.899902),
CFrame.new(220.200317, 32.000000, 407.899902),
CFrame.new(220.200317, 30.000000, 407.899902),
CFrame.new(220.200317, 30.000000, 407.899902),
CFrame.new(220.200317, 30.000000, 411.899902),
CFrame.new(220.200317, 30.000000, 411.899902),
CFrame.new(220.200317, 32.000000, 411.899902),
CFrame.new(220.200317, 32.000000, 411.899902),
CFrame.new(220.200317, 32.000000, 415.899902),
CFrame.new(220.200317, 32.000000, 415.899902),
CFrame.new(220.200317, 30.000000, 415.899902),
CFrame.new(220.200317, 30.000000, 415.899902),
CFrame.new(220.200317, 38.000000, 421.899902),
CFrame.new(220.200317, 38.000000, 421.899902),
CFrame.new(220.200317, 36.000000, 421.899902),
CFrame.new(220.200317, 36.000000, 421.899902),
CFrame.new(220.200317, 34.000000, 421.899902),
CFrame.new(220.200317, 32.000000, 421.899902),
CFrame.new(220.200317, 32.000000, 421.899902),
CFrame.new(220.200317, 34.000000, 421.899902),
CFrame.new(220.200317, 44.000000, 442.899902),
CFrame.new(220.200317, 42.000000, 442.899902),
CFrame.new(220.200317, 42.000000, 442.899902),
CFrame.new(220.200317, 46.000000, 443.899902),
CFrame.new(220.200317, 48.000000, 448.899902),
CFrame.new(220.200317, 46.000000, 449.899902),
CFrame.new(220.200317, 44.000000, 450.899902),
CFrame.new(220.200317, 48.000000, 456.899902),
CFrame.new(220.200317, 30.000000, 393.899902),
CFrame.new(220.200317, 30.000000, 393.899902),
CFrame.new(220.200317, 32.000000, 401.899902),
CFrame.new(220.200317, 32.000000, 401.899902),
CFrame.new(220.200317, 34.000000, 407.899902),
CFrame.new(220.200317, 34.000000, 407.899902),
CFrame.new(220.200317, 40.000000, 421.899902),
CFrame.new(220.200317, 40.000000, 421.899902),
CFrame.new(220.200317, 48.000000, 444.899902),
CFrame.new(220.200317, 34.000000, 393.899902),
CFrame.new(220.200317, 34.000000, 393.899902),
CFrame.new(220.200317, 32.000000, 393.899902),
CFrame.new(220.200317, 32.000000, 393.899902),
CFrame.new(220.200317, 36.000000, 401.899902),
CFrame.new(220.200317, 36.000000, 401.899902),
CFrame.new(220.200317, 34.000000, 401.899902),
CFrame.new(220.200317, 34.000000, 401.899902),
CFrame.new(220.200317, 38.000000, 407.899902),
CFrame.new(220.200317, 38.000000, 407.899902),
CFrame.new(220.200317, 36.000000, 407.899902),
CFrame.new(220.200317, 36.000000, 407.899902),
CFrame.new(220.200317, 42.000000, 421.899902),
CFrame.new(220.200317, 42.000000, 421.899902),
CFrame.new(220.200317, 36.000000, 393.899902),
CFrame.new(220.200317, 36.000000, 393.899902),
CFrame.new(220.200317, 38.000000, 397.899902),
CFrame.new(220.200317, 38.000000, 401.899902),
CFrame.new(220.200317, 38.000000, 401.899902),
CFrame.new(220.200317, 40.000000, 407.899902),
CFrame.new(220.200317, 40.000000, 407.899902),
CFrame.new(220.200317, 44.000000, 421.899902),
CFrame.new(220.200317, 46.000000, 421.899902),
CFrame.new(220.200317, 40.000000, 393.899902),
CFrame.new(220.200317, 40.000000, 393.899902),
CFrame.new(220.200317, 38.000000, 393.899902),
CFrame.new(220.200317, 38.000000, 393.899902),
CFrame.new(220.200317, 40.000000, 397.899902),
CFrame.new(220.200317, 42.000000, 401.899902),
CFrame.new(220.200317, 40.000000, 401.899902),
CFrame.new(220.200317, 40.000000, 401.899902),
CFrame.new(220.200317, 42.000000, 401.899902),
CFrame.new(220.200317, 42.000000, 407.899902),
CFrame.new(220.200317, 42.000000, 407.899902),
CFrame.new(220.200317, 44.000000, 407.899902),
CFrame.new(220.200317, 48.000000, 421.899902),
CFrame.new(220.200317, 42.000000, 393.899902),
CFrame.new(220.200317, 42.000000, 393.899902),
CFrame.new(220.200317, 44.000000, 401.899902),
CFrame.new(220.200317, 46.000000, 407.899902),
CFrame.new(220.200317, 44.000000, 393.899902),
CFrame.new(220.200317, 46.000000, 394.899902),
CFrame.new(220.200317, 46.000000, 400.899902),
CFrame.new(220.200317, 48.000000, 407.899902),
CFrame.new(220.200317, 48.000000, 399.899902),
CFrame.new(220.200317, 48.000000, 395.899902),
CFrame.new(220.000305, 10.000000, 507.899902),
CFrame.new(220.000305, 12.000000, 506.899902),
CFrame.new(220.000305, 7.000000, 506.899902),
CFrame.new(220.000305, 6.000000, 505.899902),
CFrame.new(220.000305, 14.000000, 505.899902),
CFrame.new(220.000305, 5.000000, 504.899902),
CFrame.new(220.000305, 14.000000, 503.899902),
CFrame.new(220.000305, 14.000000, 503.899902),
CFrame.new(220.000305, 8.000000, 507.899902),
CFrame.new(220.000305, 5.000000, 502.899902),
CFrame.new(220.000305, 6.000000, 501.899902),
CFrame.new(220.000305, 14.000000, 501.899902),
CFrame.new(220.000305, 7.000000, 500.899902),
CFrame.new(220.000305, 8.000000, 500.899902),
CFrame.new(220.000305, 16.000000, 500.899902),
CFrame.new(220.000305, 10.000000, 494.899902),
CFrame.new(220.000305, 8.000000, 494.899902),
CFrame.new(220.000305, 12.000000, 493.899902),
CFrame.new(220.000305, 7.000000, 493.899902),
CFrame.new(220.000305, 20.000000, 494.899902),
CFrame.new(220.000305, 6.000000, 492.899902),
CFrame.new(220.000305, 14.000000, 492.899902),
CFrame.new(220.000305, 5.000000, 491.899902),
CFrame.new(220.000305, 14.000000, 490.899902),
CFrame.new(220.000305, 14.000000, 490.899902),
CFrame.new(220.000305, 5.000000, 489.899902),
CFrame.new(220.000305, 6.000000, 488.899902),
CFrame.new(220.000305, 14.000000, 488.899902),
CFrame.new(220.000305, 7.000000, 487.899902),
CFrame.new(220.000305, 8.000000, 487.899902),
CFrame.new(220.000305, 16.000000, 487.899902),
CFrame.new(220.000305, 18.000000, 487.899902),
CFrame.new(220.000305, 20.000000, 507.899902),
CFrame.new(220.000305, 18.000000, 500.899902),
CFrame.new(220.000305, 20.000000, 500.899902),
CFrame.new(220.000305, 7.000000, 481.899902),
CFrame.new(220.000305, 7.000000, 481.899902),
CFrame.new(220.000305, 11.000000, 481.899902),
CFrame.new(220.000305, 11.000000, 481.899902),
CFrame.new(220.000305, 9.000000, 481.899902),
CFrame.new(220.000305, 9.000000, 481.899902),
CFrame.new(220.000305, 5.000000, 481.899902),
CFrame.new(220.000305, 5.000000, 481.899902),
CFrame.new(220.000305, 13.000000, 481.899902),
CFrame.new(220.000305, 13.000000, 481.899902),
CFrame.new(220.000305, 15.000000, 481.899902),
CFrame.new(220.000305, 15.000000, 481.899902),
CFrame.new(220.000305, 17.000000, 481.899902),
CFrame.new(220.000305, 17.000000, 481.899902),
CFrame.new(220.000305, 19.000000, 481.899902),
CFrame.new(220.000305, 21.000000, 480.899902),
CFrame.new(220.000305, 15.000000, 477.899902),
CFrame.new(220.000305, 13.000000, 477.899902),
CFrame.new(220.000305, 21.000000, 494.899902),
CFrame.new(220.000305, 22.000000, 493.899902),
CFrame.new(220.000305, 22.000000, 489.899902),
CFrame.new(220.000305, 21.000000, 488.899902),
CFrame.new(220.000305, 20.000000, 487.899902),
CFrame.new(220.000305, 21.000000, 507.899902),
CFrame.new(220.000305, 22.000000, 506.899902),
CFrame.new(220.000305, 23.000000, 505.899902),
CFrame.new(220.000305, 22.000000, 502.899902),
CFrame.new(220.000305, 21.000000, 501.899902),
CFrame.new(220.000305, 23.000000, 479.899902),
CFrame.new(220.000305, 23.000000, 475.899902),
CFrame.new(220.000305, 21.000000, 474.899902),
CFrame.new(220.000305, 13.000000, 473.899902),
CFrame.new(220.000305, 13.000000, 473.899902),
CFrame.new(220.000305, 11.000000, 473.899902),
CFrame.new(220.000305, 11.000000, 473.899902),
CFrame.new(220.000305, 9.000000, 473.899902),
CFrame.new(220.000305, 9.000000, 473.899902),
CFrame.new(220.000305, 7.000000, 473.899902),
CFrame.new(220.000305, 7.000000, 473.899902),
CFrame.new(220.000305, 5.000000, 473.899902),
CFrame.new(220.000305, 5.000000, 473.899902),
CFrame.new(220.000305, 17.000000, 473.899902),
CFrame.new(220.000305, 17.000000, 473.899902),
CFrame.new(220.000305, 15.000000, 473.899902),
CFrame.new(220.000305, 15.000000, 473.899902),
CFrame.new(220.000305, 19.000000, 473.899902),
CFrame.new(220.000305, 23.000000, 492.899902),
CFrame.new(220.000305, 23.000000, 490.899902),
CFrame.new(220.000305, 23.000000, 503.899902),
CFrame.new(220.000305, 23.000000, 463.899902),
CFrame.new(220.000305, 5.000000, 459.899902),
CFrame.new(220.000305, 7.000000, 459.899902),
CFrame.new(220.000305, 9.000000, 459.899902),
CFrame.new(220.000305, 11.000000, 459.899902),
CFrame.new(220.000305, 13.000000, 459.899902),
CFrame.new(220.000305, 15.000000, 459.899902),
CFrame.new(220.000305, 17.000000, 459.899902),
CFrame.new(220.000305, 19.000000, 459.899902),
CFrame.new(220.000305, 21.000000, 459.899902),
CFrame.new(220.000305, 23.000000, 459.899902),
CFrame.new(220.000305, 23.000000, 455.899902),
CFrame.new(220.000305, 21.000000, 449.899902),
CFrame.new(220.000305, 7.000000, 450.899902),
CFrame.new(220.000305, 7.000000, 450.899902),
CFrame.new(220.000305, 15.000000, 450.899902),
CFrame.new(220.000305, 15.000000, 450.899902),
CFrame.new(220.000305, 13.000000, 450.899902),
CFrame.new(220.000305, 11.000000, 450.899902),
CFrame.new(220.000305, 11.000000, 450.899902),
CFrame.new(220.000305, 13.000000, 450.899902),
CFrame.new(220.000305, 9.000000, 450.899902),
CFrame.new(220.000305, 9.000000, 450.899902),
CFrame.new(220.000305, 17.000000, 450.899902),
CFrame.new(220.000305, 17.000000, 450.899902),
CFrame.new(220.000305, 19.000000, 450.899902),
CFrame.new(220.000305, 5.000000, 450.899902),
CFrame.new(220.000305, 5.000000, 450.899902),
CFrame.new(220.000305, 15.000000, 446.899902),
CFrame.new(220.000305, 13.000000, 446.899902),
CFrame.new(220.000305, 23.000000, 448.899902),
CFrame.new(220.000305, 23.000000, 444.899902),
CFrame.new(220.000305, 21.000000, 443.899902),
CFrame.new(220.000305, 11.000000, 442.899902),
CFrame.new(220.000305, 11.000000, 442.899902),
CFrame.new(220.000305, 9.000000, 442.899902),
CFrame.new(220.000305, 9.000000, 442.899902),
CFrame.new(220.000305, 7.000000, 442.899902),
CFrame.new(220.000305, 7.000000, 442.899902),
CFrame.new(220.000305, 5.000000, 442.899902),
CFrame.new(220.000305, 5.000000, 442.899902),
CFrame.new(220.000305, 19.000000, 442.899902),
CFrame.new(220.000305, 17.000000, 442.899902),
CFrame.new(220.000305, 17.000000, 442.899902),
CFrame.new(220.000305, 15.000000, 442.899902),
CFrame.new(220.000305, 15.000000, 442.899902),
CFrame.new(220.000305, 13.000000, 442.899902),
CFrame.new(220.000305, 13.000000, 442.899902),
CFrame.new(220.000305, 7.000000, 436.899902),
CFrame.new(220.000305, 5.000000, 436.899902),
CFrame.new(220.000305, 13.000000, 436.899902),
CFrame.new(220.000305, 15.000000, 436.899902),
CFrame.new(220.000305, 7.000000, 434.899902),
CFrame.new(220.000305, 5.000000, 434.899902),
CFrame.new(220.000305, 21.000000, 436.899902),
CFrame.new(220.000305, 23.000000, 436.899902),
CFrame.new(220.000305, 15.000000, 434.899902),
CFrame.new(220.000305, 21.000000, 434.899902),
CFrame.new(220.000305, 13.000000, 434.899902),
CFrame.new(220.000305, 23.000000, 434.899902),
CFrame.new(220.000305, 9.000000, 430.899902),
CFrame.new(220.000305, 7.000000, 430.899902),
CFrame.new(220.000305, 5.000000, 430.899902),
CFrame.new(220.000305, 13.000000, 430.899902),
CFrame.new(220.000305, 11.000000, 430.899902),
CFrame.new(220.000305, 15.000000, 430.899902),
CFrame.new(220.000305, 21.000000, 430.899902),
CFrame.new(220.000305, 19.000000, 430.899902),
CFrame.new(220.000305, 17.000000, 430.899902),
CFrame.new(220.000305, 23.000000, 430.899902)
}
if game.Players.LocalPlayer.Backpack:FindFirstChild("BlockTools") then
    for _,v in pairs(game.Players.LocalPlayer.Backpack:GetDescendants()) do
        if v.Name == "BlockTools" then
            v.Parent = game.Players.LocalPlayer.Character
        end
    end
end
for _, v in pairs(CFrames) do
    game:GetService("ReplicatedStorage").NrANkuyIc5KfeR4RdAxwCdZBch1yXu:FireServer("lX4sh0KQ80yq8SzLlIOUzAwR4T4Bfj", "BlockTools", v)
end
if game.Players.LocalPlayer.Character:FindFirstChild("BlockTools") then
    for _,v in pairs(game.Players.LocalPlayer.Character:GetDescendants()) do
        if v.Name == "BlockTools" then
            v.Parent = game.Players.LocalPlayer.Backpack
        end
    end
end
