CFrames = {
CFrame.new(-105.699669, 17.000000, 7.899902),
CFrame.new(-105.699669, 16.000000, 7.899902),
CFrame.new(-105.699669, 4.000000, 7.899902),
CFrame.new(-105.699669, 6.000000, 7.899902),
CFrame.new(-105.699669, 8.000000, 8.899902),
CFrame.new(-105.699669, 18.000000, 8.899902),
CFrame.new(-105.699669, 19.000000, 9.899902),
CFrame.new(-105.699669, 2.000000, 9.899902),
CFrame.new(-105.699669, 10.000000, 9.899902),
CFrame.new(-105.699669, 3.000000, 8.899902),
CFrame.new(-105.699669, 1.000000, 10.899902),
CFrame.new(-105.699669, 18.000000, 12.899902),
CFrame.new(-105.699669, 19.000000, 11.899902),
CFrame.new(-105.699669, 10.000000, 11.899902),
CFrame.new(-105.699669, 10.000000, 11.899902),
CFrame.new(-105.699669, 10.000000, 13.899902),
CFrame.new(-105.699669, 1.000000, 12.899902),
CFrame.new(-105.699669, 2.000000, 13.899902),
CFrame.new(-105.699669, 17.000000, 13.899902),
CFrame.new(-105.699669, 12.000000, 14.899902),
CFrame.new(-105.699669, 14.000000, 14.899902),
CFrame.new(-105.699669, 16.000000, 14.899902),
CFrame.new(-105.699669, 58.000000, 13.899902),
CFrame.new(-105.699669, 58.000000, 9.899902),
CFrame.new(-105.699669, 57.000000, 12.899902),
CFrame.new(-105.699669, 57.000000, 10.899902),
CFrame.new(-105.699669, 3.000000, 14.899902),
CFrame.new(-105.699669, 4.000000, 14.899902),
CFrame.new(-105.699669, 59.000000, 14.899902),
CFrame.new(-105.699669, 59.000000, 8.899902),
CFrame.new(-105.699669, 60.000000, 14.899902),
CFrame.new(-105.699669, 60.000000, 7.899902),
CFrame.new(-105.699669, 62.000000, 7.899902),
CFrame.new(-105.699669, 64.000000, 8.899902),
CFrame.new(-105.699669, 58.000000, 22.899780),
CFrame.new(-105.699669, 57.000000, 22.899780),
CFrame.new(-105.699669, 17.000000, 21.899780),
CFrame.new(-105.699669, 14.000000, 20.899780),
CFrame.new(-105.699669, 12.000000, 20.899780),
CFrame.new(-105.699669, 10.000000, 20.899780),
CFrame.new(-105.699669, 16.000000, 20.899780),
CFrame.new(-105.699669, 66.000000, 24.899780),
CFrame.new(-105.699669, 66.000000, 13.899902),
CFrame.new(-105.699669, 66.000000, 20.899780),
CFrame.new(-105.699669, 66.000000, 9.899902),
CFrame.new(-105.699669, 66.000000, 11.899902),
CFrame.new(-105.699669, 66.000000, 11.899902),
CFrame.new(-105.699669, 59.000000, 23.899780),
CFrame.new(-105.699669, 2.000000, 22.899780),
CFrame.new(-105.699669, 1.000000, 22.899780),
CFrame.new(-105.699669, 18.000000, 22.899780),
CFrame.new(-105.699669, 68.000000, 14.899902),
CFrame.new(-105.699669, 68.000000, 20.899780),
CFrame.new(-105.699669, 62.000000, 26.899780),
CFrame.new(-105.699669, 61.000000, 25.899780),
CFrame.new(-105.699669, 60.000000, 24.899780),
CFrame.new(-105.699669, 5.000000, 25.899780),
CFrame.new(-105.699669, 3.000000, 23.899780),
CFrame.new(-105.699669, 4.000000, 24.899780),
CFrame.new(-105.699669, 10.000000, 24.899780),
CFrame.new(-105.699669, 19.000000, 23.899780),
CFrame.new(-105.699669, 66.000000, 28.899780),
CFrame.new(-105.699669, 65.000000, 27.899780),
CFrame.new(-105.699669, 63.000000, 27.899780),
CFrame.new(-105.699669, 30.000000, 27.899780),
CFrame.new(-105.699669, 28.000000, 27.899780),
CFrame.new(-105.699669, 26.000000, 27.899780),
CFrame.new(-105.699669, 24.000000, 27.899780),
CFrame.new(-105.699669, 19.000000, 27.899780),
CFrame.new(-105.699669, 6.000000, 26.899780),
CFrame.new(-105.699669, 7.000000, 27.899780),
CFrame.new(-105.699669, 9.000000, 27.899780),
CFrame.new(-105.699669, 71.000000, 31.899780),
CFrame.new(-105.699669, 70.000000, 20.899780),
CFrame.new(-105.699669, 70.000000, 14.899902),
CFrame.new(-105.699669, 69.000000, 31.899780),
CFrame.new(-105.699669, 67.000000, 31.899780),
CFrame.new(-105.699669, 65.000000, 31.899780),
CFrame.new(-105.699669, 63.000000, 31.899780),
CFrame.new(-105.699669, 61.000000, 31.899780),
CFrame.new(-105.699669, 59.000000, 31.899780),
CFrame.new(-105.699669, 57.000000, 31.899780),
CFrame.new(-105.699669, 42.000000, 29.899780),
CFrame.new(-105.699669, 40.000000, 29.899780),
CFrame.new(-105.699669, 38.000000, 29.899780),
CFrame.new(-105.699669, 32.000000, 28.899780),
CFrame.new(-105.699669, 10.000000, 28.899780),
CFrame.new(-105.699669, 72.000000, 7.899902),
CFrame.new(-105.699669, 72.000000, 14.899902),
CFrame.new(-105.699669, 72.000000, 20.899780),
CFrame.new(-105.699669, 17.000000, 31.899780),
CFrame.new(-105.699669, 15.000000, 31.899780),
CFrame.new(-105.699669, 13.000000, 31.899780),
CFrame.new(-105.699669, 11.000000, 31.899780),
CFrame.new(-105.699669, 9.000000, 31.899780),
CFrame.new(-105.699669, 7.000000, 31.899780),
CFrame.new(-105.699669, 5.000000, 31.899780),
CFrame.new(-105.699669, 3.000000, 31.899780),
CFrame.new(-105.699669, 1.000000, 31.899780),
CFrame.new(-105.699669, 19.000000, 31.899780),
CFrame.new(-105.699669, 24.000000, 31.899780),
CFrame.new(-105.699669, 73.000000, 7.899902),
CFrame.new(-105.699669, 73.000000, 13.899902),
CFrame.new(-105.699669, 73.000000, 31.899780),
CFrame.new(-105.699669, 73.000000, 21.899780),
CFrame.new(-105.699669, 42.000000, 33.899780),
CFrame.new(-105.699669, 32.000000, 32.899780),
CFrame.new(-105.699669, 74.000000, 8.899902),
CFrame.new(-105.699669, 74.000000, 12.899902),
CFrame.new(-105.699669, 74.000000, 22.899780),
CFrame.new(-105.699669, 75.000000, 9.899902),
CFrame.new(-105.699669, 75.000000, 11.899902),
CFrame.new(-105.699669, 24.000000, 35.899780),
CFrame.new(-105.699669, 73.000000, 37.899780),
CFrame.new(-105.699669, 67.000000, 37.899780),
CFrame.new(-105.699669, 65.000000, 37.899780),
CFrame.new(-105.699669, 59.000000, 37.899780),
CFrame.new(-105.699669, 57.000000, 37.899780),
CFrame.new(-105.699669, 42.000000, 37.899780),
CFrame.new(-105.699669, 1.000000, 37.899780),
CFrame.new(-105.699669, 9.000000, 37.899780),
CFrame.new(-105.699669, 3.000000, 37.899780),
CFrame.new(-105.699669, 26.000000, 38.899780),
CFrame.new(-105.699669, 19.000000, 37.899780),
CFrame.new(-105.699669, 17.000000, 37.899780),
CFrame.new(-105.699669, 11.000000, 37.899780),
CFrame.new(-105.699669, 24.000000, 37.899780),
CFrame.new(-105.699669, 75.000000, 37.899780),
CFrame.new(-105.699669, 75.000000, 39.899780),
CFrame.new(-105.699669, 75.000000, 27.899780),
CFrame.new(-105.699669, 75.000000, 31.899780),
CFrame.new(-105.699669, 75.000000, 23.899780),
CFrame.new(-105.699669, 73.000000, 39.899780),
CFrame.new(-105.699669, 67.000000, 39.899780),
CFrame.new(-105.699669, 65.000000, 39.899780),
CFrame.new(-105.699669, 59.000000, 39.899780),
CFrame.new(-105.699669, 57.000000, 39.899780),
CFrame.new(-105.699669, 40.000000, 39.899780),
CFrame.new(-105.699669, 9.000000, 39.899780),
CFrame.new(-105.699669, 3.000000, 39.899780),
CFrame.new(-105.699669, 1.000000, 39.899780),
CFrame.new(-105.699669, 11.000000, 39.899780),
CFrame.new(-105.699669, 19.000000, 39.899780),
CFrame.new(-105.699669, 17.000000, 39.899780),
CFrame.new(-105.699669, 28.000000, 39.899780),
CFrame.new(-105.699669, 75.000000, 43.899780),
CFrame.new(-105.699669, 73.000000, 43.899780),
CFrame.new(-105.699669, 71.000000, 43.899780),
CFrame.new(-105.699669, 69.000000, 43.899780),
CFrame.new(-105.699669, 67.000000, 43.899780),
CFrame.new(-105.699669, 65.000000, 43.899780),
CFrame.new(-105.699669, 63.000000, 43.899780),
CFrame.new(-105.699669, 61.000000, 43.899780),
CFrame.new(-105.699669, 59.000000, 43.899780),
CFrame.new(-105.699669, 57.000000, 43.899780),
CFrame.new(-105.699669, 38.000000, 40.899780),
CFrame.new(-105.699669, 19.000000, 43.899780),
CFrame.new(-105.699669, 17.000000, 43.899780),
CFrame.new(-105.699669, 15.000000, 43.899780),
CFrame.new(-105.699669, 30.000000, 41.899780),
CFrame.new(-105.699669, 32.000000, 41.899780),
CFrame.new(-105.699669, 36.000000, 41.899780),
CFrame.new(-105.699669, 34.000000, 41.899780),
CFrame.new(-105.699669, 13.000000, 43.899780),
CFrame.new(-105.699669, 11.000000, 43.899780),
CFrame.new(-105.699669, 9.000000, 43.899780),
CFrame.new(-105.699669, 7.000000, 43.899780),
CFrame.new(-105.699669, 5.000000, 43.899780),
CFrame.new(-105.699669, 3.000000, 43.899780),
CFrame.new(-105.699669, 1.000000, 43.899780),
CFrame.new(-105.699669, 65.000000, 50.899780),
CFrame.new(-105.699669, 63.000000, 49.899780),
CFrame.new(-105.699669, 61.000000, 49.899780),
CFrame.new(-105.699669, 59.000000, 49.899780),
CFrame.new(-105.699669, 57.000000, 49.899780),
CFrame.new(-105.699669, 42.000000, 47.899780),
CFrame.new(-105.699669, 1.000000, 49.899780),
CFrame.new(-105.699669, 3.000000, 49.899780),
CFrame.new(-105.699669, 5.000000, 49.899780),
CFrame.new(-105.699669, 7.000000, 49.899780),
CFrame.new(-105.699669, 31.000000, 49.899780),
CFrame.new(-105.699669, 29.000000, 48.899780),
CFrame.new(-105.699669, 40.000000, 47.899780),
CFrame.new(-105.699669, 26.000000, 47.899780),
CFrame.new(-105.699669, 28.000000, 47.899780),
CFrame.new(-105.699669, 32.000000, 47.899780),
CFrame.new(-105.699669, 30.000000, 47.899780),
CFrame.new(-105.699669, 24.000000, 47.899780),
CFrame.new(-105.699669, 38.000000, 47.899780),
CFrame.new(-105.699669, 34.000000, 47.899780),
CFrame.new(-105.699669, 36.000000, 47.899780),
CFrame.new(-105.699669, 75.000000, 51.899780),
CFrame.new(-105.699669, 73.000000, 51.899780),
CFrame.new(-105.699669, 71.000000, 51.899780),
CFrame.new(-105.699669, 65.000000, 54.899780),
CFrame.new(-105.699669, 57.000000, 53.899780),
CFrame.new(-105.699669, 38.000000, 54.899780),
CFrame.new(-105.699669, 37.000000, 53.899780),
CFrame.new(-105.699669, 1.000000, 53.899780),
CFrame.new(-105.699669, 19.000000, 51.899780),
CFrame.new(-105.699669, 15.000000, 51.899780),
CFrame.new(-105.699669, 17.000000, 51.899780),
CFrame.new(-105.699669, 36.000000, 52.899780),
CFrame.new(-105.699669, 34.000000, 51.899780),
CFrame.new(-105.699669, 9.000000, 50.899780),
CFrame.new(-105.699669, 32.000000, 50.899780),
CFrame.new(-105.699669, 75.000000, 55.899780),
CFrame.new(-105.699669, 9.000000, 54.899780),
CFrame.new(-105.699669, 19.000000, 55.899780),
CFrame.new(-105.699669, 39.000000, 55.899780),
CFrame.new(-105.699669, 80.000000, 27.899780),
CFrame.new(-105.699669, 80.000000, 31.899780),
CFrame.new(-105.699669, 80.000000, 35.899780),
CFrame.new(-105.699669, 80.000000, 37.899780),
CFrame.new(-105.699669, 80.000000, 47.899780),
CFrame.new(-105.699669, 80.000000, 57.899780),
CFrame.new(-105.699669, 57.000000, 57.899780),
CFrame.new(-105.699669, 1.000000, 57.899780),
CFrame.new(-105.699669, 26.000000, 57.899780),
CFrame.new(-105.699669, 24.000000, 57.899780),
CFrame.new(-105.699669, 32.000000, 57.899780),
CFrame.new(-105.699669, 38.000000, 57.899780),
CFrame.new(-105.699669, 36.000000, 57.899780),
CFrame.new(-105.699669, 34.000000, 57.899780),
CFrame.new(-105.699669, 30.000000, 57.899780),
CFrame.new(-105.699669, 28.000000, 57.899780),
CFrame.new(-105.699669, 40.000000, 57.899780),
CFrame.new(-105.699669, 42.000000, 57.899780),
CFrame.new(-105.699669, 41.000000, 56.899780),
CFrame.new(-105.699669, 75.000000, 59.899780),
CFrame.new(-105.699669, 73.000000, 61.899780),
CFrame.new(-105.699669, 71.000000, 62.899780),
CFrame.new(-105.699669, 61.000000, 61.899780),
CFrame.new(-105.699669, 59.000000, 60.899780),
CFrame.new(-105.699669, 57.000000, 59.899780),
CFrame.new(-105.699669, 15.000000, 62.899780),
CFrame.new(-105.699669, 17.000000, 61.899780),
CFrame.new(-105.699669, 5.000000, 61.899780),
CFrame.new(-105.699669, 3.000000, 60.899780),
CFrame.new(-105.699669, 19.000000, 59.899780),
CFrame.new(-105.699669, 1.000000, 59.899780),
CFrame.new(-105.699669, 80.000000, 63.899780),
CFrame.new(-105.699669, 69.000000, 63.899780),
CFrame.new(-105.699669, 67.000000, 63.899780),
CFrame.new(-105.699669, 65.000000, 63.899780),
CFrame.new(-105.699669, 63.000000, 63.899780),
CFrame.new(-105.699669, 13.000000, 63.899780),
CFrame.new(-105.699669, 11.000000, 63.899780),
CFrame.new(-105.699669, 9.000000, 63.899780),
CFrame.new(-105.699669, 7.000000, 63.899780),
CFrame.new(-105.699669, 24.000000, 63.899780),
CFrame.new(-105.699669, 42.000000, 63.899780),
CFrame.new(-105.699669, 80.000000, 67.899780),
CFrame.new(-105.699669, 42.000000, 67.899780),
CFrame.new(-105.699669, 82.000000, 27.899780),
CFrame.new(-105.699669, 82.000000, 38.899780),
CFrame.new(-105.699669, 82.000000, 47.899780),
CFrame.new(-105.699669, 82.000000, 57.899780),
CFrame.new(-105.699669, 80.000000, 71.899780),
CFrame.new(-105.699669, 82.000000, 70.899780),
CFrame.new(-105.699669, 75.000000, 70.899780),
CFrame.new(-105.699669, 73.000000, 70.899780),
CFrame.new(-105.699669, 71.000000, 70.899780),
CFrame.new(-105.699669, 65.000000, 69.899780),
CFrame.new(-105.699669, 63.000000, 68.899780),
CFrame.new(-105.699669, 61.000000, 68.899780),
CFrame.new(-105.699669, 59.000000, 68.899780),
CFrame.new(-105.699669, 57.000000, 72.899780),
CFrame.new(-105.699669, 57.000000, 68.899780),
CFrame.new(-105.699669, 17.000000, 70.899780),
CFrame.new(-105.699669, 19.000000, 70.899780),
CFrame.new(-105.699669, 1.000000, 72.899780),
CFrame.new(-105.699669, 15.000000, 70.899780),
CFrame.new(-105.699669, 30.000000, 70.899780),
CFrame.new(-105.699669, 28.000000, 70.899780),
CFrame.new(-105.699669, 32.000000, 70.899780),
CFrame.new(-105.699669, 34.000000, 70.899780),
CFrame.new(-105.699669, 36.000000, 70.899780),
CFrame.new(-105.699669, 38.000000, 70.899780),
CFrame.new(-105.699669, 26.000000, 70.899780),
CFrame.new(-105.699669, 24.000000, 71.899780),
CFrame.new(-105.699669, 40.000000, 70.899780),
CFrame.new(-105.699669, 42.000000, 71.899780),
CFrame.new(-105.699669, 5.000000, 68.899780),
CFrame.new(-105.699669, 7.000000, 68.899780),
CFrame.new(-105.699669, 9.000000, 69.899780),
CFrame.new(-105.699669, 24.000000, 67.899780),
CFrame.new(-105.699669, 1.000000, 68.899780),
CFrame.new(-105.699669, 3.000000, 68.899780),
CFrame.new(-105.699669, 65.000000, 73.899780),
CFrame.new(-105.699669, 9.000000, 73.899780),
CFrame.new(-105.699669, 80.000000, 75.899780),
CFrame.new(-105.699669, 75.000000, 74.899780),
CFrame.new(-105.699669, 57.000000, 76.899780),
CFrame.new(-105.699669, 42.000000, 75.899780),
CFrame.new(-105.699669, 1.000000, 76.899780),
CFrame.new(-105.699669, 19.000000, 74.899780),
CFrame.new(-105.699669, 24.000000, 75.899780),
CFrame.new(-105.899666, 82.000000, 81.899780),
CFrame.new(-105.899666, 80.000000, 81.899780),
CFrame.new(-105.699669, 75.000000, 78.899780),
CFrame.new(-105.699669, 73.000000, 80.899780),
CFrame.new(-105.699669, 71.000000, 81.899780),
CFrame.new(-105.699669, 61.000000, 80.899780),
CFrame.new(-105.899666, 26.000000, 81.899780),
CFrame.new(-105.699669, 13.000000, 82.899780),
CFrame.new(-105.699669, 11.000000, 82.899780),
CFrame.new(-105.699669, 59.000000, 79.899780),
CFrame.new(-105.899666, 24.000000, 81.899780),
CFrame.new(-105.699669, 9.000000, 82.899780),
CFrame.new(-105.699669, 7.000000, 82.899780),
CFrame.new(-105.699669, 15.000000, 81.899780),
CFrame.new(-105.699669, 17.000000, 80.899780),
CFrame.new(-105.699669, 19.000000, 78.899780),
CFrame.new(-105.699669, 5.000000, 80.899780),
CFrame.new(-105.699669, 3.000000, 79.899780),
CFrame.new(-105.699669, 57.000000, 78.899780),
CFrame.new(-105.699669, 1.000000, 78.899780),
CFrame.new(-105.699669, 75.000000, 86.899780),
CFrame.new(-105.699669, 69.000000, 82.899780),
CFrame.new(-105.699669, 67.000000, 82.899780),
CFrame.new(-105.699669, 65.000000, 82.899780),
CFrame.new(-105.699669, 63.000000, 82.899780),
CFrame.new(-105.699669, 57.000000, 86.899780),
CFrame.new(-105.899666, 30.000000, 87.899780),
CFrame.new(-105.899666, 32.000000, 87.899780),
CFrame.new(-105.899666, 34.000000, 87.899780),
CFrame.new(-105.899666, 39.000000, 82.899780),
CFrame.new(-105.899666, 28.000000, 82.899780),
CFrame.new(-105.899666, 37.000000, 83.899780),
CFrame.new(-105.899666, 41.000000, 82.899780),
CFrame.new(-105.899666, 35.000000, 85.899780),
CFrame.new(-105.899666, 30.000000, 84.899780),
CFrame.new(-105.699669, 19.000000, 86.899780),
CFrame.new(-105.699669, 1.000000, 86.899780),
CFrame.new(-105.899666, 42.000000, 82.899780),
CFrame.new(-105.699669, 75.000000, 90.899780),
CFrame.new(-105.899666, 42.000000, 91.899780),
CFrame.new(-105.899666, 40.000000, 91.899780),
CFrame.new(-105.899666, 38.000000, 91.899780),
CFrame.new(-105.899666, 36.000000, 91.899780),
CFrame.new(-105.899666, 34.000000, 91.899780),
CFrame.new(-105.699669, 57.000000, 90.899780),
CFrame.new(-105.899666, 24.000000, 91.899780),
CFrame.new(-105.899666, 28.000000, 91.899780),
CFrame.new(-105.899666, 26.000000, 91.899780),
CFrame.new(-105.899666, 32.000000, 91.899780),
CFrame.new(-105.899666, 30.000000, 91.899780),
CFrame.new(-105.699669, 19.000000, 90.899780),
CFrame.new(-105.699669, 1.000000, 90.899780),
CFrame.new(-105.899666, 82.000000, 91.899780),
CFrame.new(-105.899666, 80.000000, 91.899780),
CFrame.new(-105.699669, 75.000000, 94.899780),
CFrame.new(-105.699669, 73.000000, 93.899780),
CFrame.new(-105.699669, 71.000000, 93.899780),
CFrame.new(-105.699669, 69.000000, 93.899780),
CFrame.new(-105.699669, 67.000000, 93.899780),
CFrame.new(-105.699669, 65.000000, 93.899780),
CFrame.new(-105.699669, 57.000000, 94.899780),
CFrame.new(-105.699669, 61.000000, 93.899780),
CFrame.new(-105.699669, 63.000000, 93.899780),
CFrame.new(-105.699669, 59.000000, 93.899780),
CFrame.new(-105.699669, 19.000000, 94.899780),
CFrame.new(-105.699669, 13.000000, 93.899780),
CFrame.new(-105.699669, 15.000000, 93.899780),
CFrame.new(-105.699669, 17.000000, 93.899780),
CFrame.new(-105.699669, 1.000000, 94.899780),
CFrame.new(-105.699669, 5.000000, 93.899780),
CFrame.new(-105.699669, 7.000000, 93.899780),
CFrame.new(-105.699669, 9.000000, 93.899780),
CFrame.new(-105.699669, 11.000000, 93.899780),
CFrame.new(-105.699669, 3.000000, 93.899780),
CFrame.new(-105.699669, 19.000000, 98.899780),
CFrame.new(-105.899666, 24.000000, 98.899780),
CFrame.new(-105.699669, 1.000000, 98.899780),
CFrame.new(-105.899666, 42.000000, 98.899780),
CFrame.new(-105.899666, 80.000000, 98.899780),
CFrame.new(-105.699669, 75.000000, 98.899780),
CFrame.new(-105.699669, 57.000000, 98.899780),
CFrame.new(-105.899666, 42.000000, 100.899780),
CFrame.new(-105.899666, 24.000000, 100.899780),
CFrame.new(-105.899666, 84.000000, 82.899780),
CFrame.new(-105.699669, 84.000000, 27.899780),
CFrame.new(-105.899666, 84.000000, 91.899780),
CFrame.new(-105.699669, 84.000000, 39.899780),
CFrame.new(-105.899666, 80.000000, 104.899780),
CFrame.new(-105.699669, 84.000000, 57.899780),
CFrame.new(-105.699669, 84.000000, 47.899780),
CFrame.new(-105.899666, 80.000000, 100.899780),
CFrame.new(-105.699669, 84.000000, 70.899780),
CFrame.new(-105.699669, 75.000000, 104.899780),
CFrame.new(-105.699669, 73.000000, 104.899780),
CFrame.new(-105.699669, 71.000000, 104.899780),
CFrame.new(-105.699669, 69.000000, 104.899780),
CFrame.new(-105.699669, 67.000000, 104.899780),
CFrame.new(-105.699669, 65.000000, 104.899780),
CFrame.new(-105.699669, 61.000000, 104.899780),
CFrame.new(-105.699669, 63.000000, 104.899780),
CFrame.new(-105.699669, 59.000000, 104.899780),
CFrame.new(-105.699669, 57.000000, 104.899780),
CFrame.new(-105.899666, 42.000000, 104.899780),
CFrame.new(-105.699669, 19.000000, 104.899780),
CFrame.new(-105.699669, 15.000000, 104.899780),
CFrame.new(-105.699669, 17.000000, 104.899780),
CFrame.new(-105.899666, 24.000000, 104.899780),
CFrame.new(-105.699669, 11.000000, 104.899780),
CFrame.new(-105.699669, 13.000000, 104.899780),
CFrame.new(-105.699669, 9.000000, 104.899780),
CFrame.new(-105.699669, 6.000000, 105.899780),
CFrame.new(-105.699669, 3.000000, 104.899780),
CFrame.new(-105.699669, 5.000000, 104.899780),
CFrame.new(-105.699669, 7.000000, 104.899780),
CFrame.new(-105.699669, 1.000000, 104.899780),
CFrame.new(-105.699669, 64.000000, 106.899780),
CFrame.new(-105.699669, 62.000000, 105.899780),
CFrame.new(-105.899666, 40.000000, 106.899780),
CFrame.new(-105.899666, 40.000000, 106.899780),
CFrame.new(-105.899666, 26.000000, 106.899780),
CFrame.new(-105.699669, 9.000000, 107.899780),
CFrame.new(-105.699669, 8.000000, 106.899780),
CFrame.new(-105.899666, 82.000000, 106.899780),
CFrame.new(-105.699669, 65.000000, 107.899780),
CFrame.new(-105.699669, 11.000000, 108.899780),
CFrame.new(-105.899666, 84.000000, 108.899780),
CFrame.new(-105.699669, 67.000000, 108.899780),
CFrame.new(-105.899666, 38.000000, 108.899780),
CFrame.new(-105.899666, 36.000000, 108.899780),
CFrame.new(-105.899666, 34.000000, 108.899780),
CFrame.new(-105.899666, 32.000000, 108.899780),
CFrame.new(-105.899666, 30.000000, 108.899780),
CFrame.new(-105.899666, 28.000000, 108.899780),
CFrame.new(-105.699669, 13.000000, 109.899780),
CFrame.new(-105.699669, 71.000000, 111.899780),
CFrame.new(-105.699669, 70.000000, 110.899780),
CFrame.new(-105.699669, 69.000000, 109.899780),
CFrame.new(-105.699669, 16.000000, 112.899780),
CFrame.new(-105.699669, 15.000000, 111.899780),
CFrame.new(-105.699669, 14.000000, 110.899780),
CFrame.new(-105.899666, 84.000000, 114.899780),
CFrame.new(-105.699669, 75.000000, 114.899780),
CFrame.new(-105.699669, 74.000000, 113.899780),
CFrame.new(-105.699669, 73.000000, 114.899780),
CFrame.new(-105.699669, 71.000000, 114.899780),
CFrame.new(-105.699669, 69.000000, 114.899780),
CFrame.new(-105.699669, 67.000000, 114.899780),
CFrame.new(-105.699669, 72.000000, 112.899780),
CFrame.new(-105.699669, 63.000000, 114.899780),
CFrame.new(-105.699669, 65.000000, 114.899780),
CFrame.new(-105.699669, 61.000000, 114.899780),
CFrame.new(-105.699669, 57.000000, 114.899780),
CFrame.new(-105.699669, 59.000000, 114.899780),
CFrame.new(-105.899666, 42.000000, 114.899780),
CFrame.new(-105.899666, 40.000000, 114.899780),
CFrame.new(-105.899666, 38.000000, 114.899780),
CFrame.new(-105.699669, 19.000000, 114.899780),
CFrame.new(-105.699669, 17.000000, 114.899780),
CFrame.new(-105.899666, 30.000000, 114.899780),
CFrame.new(-105.899666, 28.000000, 114.899780),
CFrame.new(-105.899666, 36.000000, 114.899780),
CFrame.new(-105.899666, 34.000000, 114.899780),
CFrame.new(-105.899666, 32.000000, 114.899780),
CFrame.new(-105.699669, 11.000000, 114.899780),
CFrame.new(-105.699669, 13.000000, 114.899780),
CFrame.new(-105.699669, 15.000000, 114.899780),
CFrame.new(-105.699669, 18.000000, 113.899780),
CFrame.new(-105.699669, 5.000000, 114.899780),
CFrame.new(-105.699669, 7.000000, 114.899780),
CFrame.new(-105.699669, 9.000000, 114.899780),
CFrame.new(-105.699669, 1.000000, 114.899780),
CFrame.new(-105.699669, 3.000000, 114.899780),
CFrame.new(-105.899666, 82.000000, 118.899780),
CFrame.new(-105.899666, 82.000000, 118.899780),
CFrame.new(-105.899666, 80.000000, 118.899780),
CFrame.new(-105.899666, 80.000000, 118.899780),
CFrame.new(-105.899666, 26.000000, 118.899780),
CFrame.new(-105.899666, 26.000000, 118.899780),
CFrame.new(-105.899666, 24.000000, 118.899780),
CFrame.new(-105.899666, 24.000000, 118.899780),
CFrame.new(-105.899666, 80.000000, 122.899780),
CFrame.new(-105.899666, 80.000000, 122.899780),
CFrame.new(-105.899666, 82.000000, 122.899780),
CFrame.new(-105.899666, 82.000000, 122.899780),
CFrame.new(-105.899666, 26.000000, 122.899780),
CFrame.new(-105.899666, 24.000000, 122.899780),
CFrame.new(-105.899666, 24.000000, 122.899780),
CFrame.new(-105.899666, 26.000000, 122.899780),
CFrame.new(-105.899666, 84.000000, 126.899780),
CFrame.new(-105.899666, 30.000000, 126.899780),
CFrame.new(-105.899666, 32.000000, 126.899780),
CFrame.new(-105.899666, 36.000000, 126.899780),
CFrame.new(-105.899666, 38.000000, 126.899780),
CFrame.new(-105.899666, 34.000000, 126.899780),
CFrame.new(-105.899666, 42.000000, 126.899780),
CFrame.new(-105.899666, 40.000000, 126.899780),
CFrame.new(-105.899666, 28.000000, 126.899780),
CFrame.new(-105.699669, 1.000000, 129.899780),
CFrame.new(-105.699669, 7.000000, 129.899780),
CFrame.new(-105.699669, 5.000000, 129.899780),
CFrame.new(-105.699669, 3.000000, 129.899780),
CFrame.new(-105.699669, 63.000000, 129.899780),
CFrame.new(-105.699669, 61.000000, 129.899780),
CFrame.new(-105.699669, 59.000000, 129.899780),
CFrame.new(-105.699669, 57.000000, 129.899780),
CFrame.new(-105.699669, 9.000000, 130.899780),
CFrame.new(-105.699669, 85.000000, 48.899780),
CFrame.new(-105.699669, 65.000000, 134.899780),
CFrame.new(-105.699669, 75.000000, 131.899780),
CFrame.new(-105.699669, 71.000000, 131.899780),
CFrame.new(-105.699669, 73.000000, 131.899780),
CFrame.new(-105.699669, 57.000000, 133.899780),
CFrame.new(-105.699669, 65.000000, 130.899780),
CFrame.new(-105.899666, 34.000000, 132.899780),
CFrame.new(-105.899666, 42.000000, 132.899780),
CFrame.new(-105.899666, 40.000000, 132.899780),
CFrame.new(-105.699669, 19.000000, 135.899780),
CFrame.new(-105.699669, 9.000000, 134.899780),
CFrame.new(-105.699669, 19.000000, 131.899780),
CFrame.new(-105.699669, 15.000000, 131.899780),
CFrame.new(-105.699669, 17.000000, 131.899780),
CFrame.new(-105.699669, 1.000000, 133.899780),
CFrame.new(-105.899666, 32.000000, 132.899780),
CFrame.new(-105.899666, 86.000000, 114.899780),
CFrame.new(-105.899666, 86.000000, 126.899780),
CFrame.new(-105.699669, 75.000000, 135.899780),
CFrame.new(-105.699669, 57.000000, 137.899780),
CFrame.new(-105.899666, 42.000000, 136.899780),
CFrame.new(-105.899666, 40.000000, 136.899780),
CFrame.new(-105.699669, 1.000000, 139.899780),
CFrame.new(-105.899666, 32.000000, 136.899780),
CFrame.new(-105.899666, 34.000000, 136.899780),
CFrame.new(-105.699669, 1.000000, 137.899780),
CFrame.new(-105.699669, 57.000000, 139.899780),
CFrame.new(-105.899666, 42.000000, 140.899780),
CFrame.new(-105.899666, 40.000000, 140.899780),
CFrame.new(-105.899666, 36.000000, 140.899780),
CFrame.new(-105.899666, 38.000000, 140.899780),
CFrame.new(-105.899666, 26.000000, 140.899780),
CFrame.new(-105.899666, 24.000000, 140.899780),
CFrame.new(-105.699669, 17.000000, 141.899780),
CFrame.new(-105.899666, 28.000000, 140.899780),
CFrame.new(-105.899666, 30.000000, 140.899780),
CFrame.new(-105.899666, 32.000000, 140.899780),
CFrame.new(-105.899666, 34.000000, 140.899780),
CFrame.new(-105.699669, 19.000000, 139.899780),
CFrame.new(-105.699669, 3.000000, 140.899780),
CFrame.new(-105.699669, 5.000000, 141.899780),
CFrame.new(-105.899666, 86.000000, 84.899780),
CFrame.new(-105.899666, 80.000000, 140.899780),
CFrame.new(-105.899666, 86.000000, 91.899780),
CFrame.new(-105.699669, 86.000000, 27.899780),
CFrame.new(-105.699669, 86.000000, 41.899780),
CFrame.new(-105.899666, 86.000000, 140.899780),
CFrame.new(-105.699669, 86.000000, 57.899780),
CFrame.new(-105.699669, 86.000000, 47.899780),
CFrame.new(-105.899666, 86.000000, 87.899780),
CFrame.new(-105.899666, 82.000000, 140.899780),
CFrame.new(-105.899666, 84.000000, 140.899780),
CFrame.new(-105.699669, 86.000000, 70.899780),
CFrame.new(-105.899666, 86.000000, 108.899780),
CFrame.new(-105.699669, 73.000000, 141.899780),
CFrame.new(-105.699669, 75.000000, 139.899780),
CFrame.new(-105.699669, 61.000000, 141.899780),
CFrame.new(-105.699669, 59.000000, 140.899780),
CFrame.new(-105.699669, 11.000000, 143.899780),
CFrame.new(-105.699669, 13.000000, 143.899780),
CFrame.new(-105.699669, 15.000000, 142.899780),
CFrame.new(-105.699669, 9.000000, 143.899780),
CFrame.new(-105.699669, 7.000000, 143.899780),
CFrame.new(-105.699669, 71.000000, 142.899780),
CFrame.new(-105.699669, 67.000000, 143.899780),
CFrame.new(-105.699669, 69.000000, 143.899780),
CFrame.new(-105.699669, 65.000000, 143.899780),
CFrame.new(-105.699669, 63.000000, 143.899780),
CFrame.new(-105.899666, 88.000000, 114.899780),
CFrame.new(-105.899666, 88.000000, 136.899780),
CFrame.new(-105.699669, 87.000000, 49.899780),
CFrame.new(-105.899666, 88.000000, 140.899780),
CFrame.new(-105.899666, 88.000000, 126.899780),
CFrame.new(-105.899666, 88.000000, 132.899780),
CFrame.new(-105.899666, 88.000000, 91.899780),
CFrame.new(-105.699669, 88.000000, 28.899780),
CFrame.new(-105.699669, 88.000000, 32.899780),
CFrame.new(-105.699669, 88.000000, 41.899780),
CFrame.new(-105.899666, 88.000000, 108.899780),
CFrame.new(-105.699669, 88.000000, 47.899780),
CFrame.new(-105.699669, 88.000000, 50.899780),
CFrame.new(-105.899666, 88.000000, 87.899780),
CFrame.new(-105.699669, 88.000000, 57.899780),
CFrame.new(-105.699669, 88.000000, 70.899780),
CFrame.new(-105.699669, 15.000000, 149.899780),
CFrame.new(-105.699669, 19.000000, 149.899780),
CFrame.new(-105.699669, 17.000000, 149.899780),
CFrame.new(-105.699669, 11.000000, 149.899780),
CFrame.new(-105.699669, 13.000000, 149.899780),
CFrame.new(-105.699669, 6.000000, 150.899780),
CFrame.new(-105.699669, 9.000000, 149.899780),
CFrame.new(-105.699669, 7.000000, 149.899780),
CFrame.new(-105.699669, 1.000000, 149.899780),
CFrame.new(-105.699669, 3.000000, 149.899780),
CFrame.new(-105.699669, 5.000000, 149.899780),
CFrame.new(-105.699669, 71.000000, 149.899780),
CFrame.new(-105.699669, 75.000000, 149.899780),
CFrame.new(-105.699669, 73.000000, 149.899780),
CFrame.new(-105.699669, 67.000000, 149.899780),
CFrame.new(-105.699669, 69.000000, 149.899780),
CFrame.new(-105.699669, 65.000000, 149.899780),
CFrame.new(-105.699669, 59.000000, 149.899780),
CFrame.new(-105.699669, 61.000000, 149.899780),
CFrame.new(-105.699669, 63.000000, 149.899780),
CFrame.new(-105.699669, 57.000000, 149.899780),
CFrame.new(-105.699669, 9.000000, 152.899780),
CFrame.new(-105.699669, 8.000000, 151.899780),
CFrame.new(-105.899666, 90.000000, 136.899780),
CFrame.new(-105.899666, 90.000000, 126.899780),
CFrame.new(-105.899666, 90.000000, 140.899780),
CFrame.new(-105.899666, 90.000000, 132.899780),
CFrame.new(-105.899666, 90.000000, 114.899780),
CFrame.new(-105.699669, 67.000000, 153.899780),
CFrame.new(-105.699669, 69.000000, 154.899780),
CFrame.new(-105.699669, 65.000000, 152.899780),
CFrame.new(-105.699669, 64.000000, 151.899780),
CFrame.new(-105.699669, 62.000000, 150.899780),
CFrame.new(-105.699669, 15.000000, 156.899780),
CFrame.new(-105.699669, 14.000000, 155.899780),
CFrame.new(-105.699669, 13.000000, 154.899780),
CFrame.new(-105.699669, 11.000000, 153.899780),
CFrame.new(-105.899666, 90.000000, 91.899780),
CFrame.new(-105.899666, 90.000000, 108.899780),
CFrame.new(-105.899666, 90.000000, 87.899780),
CFrame.new(-105.699669, 90.000000, 70.899780),
CFrame.new(-105.699669, 70.000000, 155.899780),
CFrame.new(-105.699669, 16.000000, 157.899780),
CFrame.new(-105.699669, 80.000000, 158.899780),
CFrame.new(-105.699669, 90.000000, 41.899780),
CFrame.new(-105.699669, 90.000000, 47.899780),
CFrame.new(-105.699669, 90.000000, 51.899780),
CFrame.new(-105.699669, 90.000000, 57.899780),
CFrame.new(-105.699669, 71.000000, 156.899780),
CFrame.new(-105.699669, 67.000000, 159.899780),
CFrame.new(-105.699669, 63.000000, 159.899780),
CFrame.new(-105.699669, 65.000000, 159.899780),
CFrame.new(-105.699669, 61.000000, 159.899780),
CFrame.new(-105.699669, 74.000000, 158.899780),
CFrame.new(-105.699669, 72.000000, 157.899780),
CFrame.new(-105.699669, 42.000000, 158.899780),
CFrame.new(-105.699669, 19.000000, 159.899780),
CFrame.new(-105.699669, 24.000000, 158.899780),
CFrame.new(-105.699669, 57.000000, 159.899780),
CFrame.new(-105.699669, 59.000000, 159.899780),
CFrame.new(-105.699669, 17.000000, 159.899780),
CFrame.new(-105.699669, 15.000000, 159.899780),
CFrame.new(-105.699669, 18.000000, 158.899780),
CFrame.new(-105.699669, 11.000000, 159.899780),
CFrame.new(-105.699669, 13.000000, 159.899780),
CFrame.new(-105.699669, 7.000000, 159.899780),
CFrame.new(-105.699669, 9.000000, 159.899780),
CFrame.new(-105.699669, 1.000000, 159.899780),
CFrame.new(-105.699669, 3.000000, 159.899780),
CFrame.new(-105.699669, 5.000000, 159.899780),
CFrame.new(-105.899666, 91.000000, 85.899780),
CFrame.new(-105.699669, 75.000000, 159.899780),
CFrame.new(-105.699669, 73.000000, 159.899780),
CFrame.new(-105.699669, 71.000000, 159.899780),
CFrame.new(-105.699669, 69.000000, 159.899780),
CFrame.new(-105.699669, 9.000000, 165.899780),
CFrame.new(-105.699669, 9.000000, 165.899780),
CFrame.new(-105.699669, 7.000000, 165.899780),
CFrame.new(-105.699669, 7.000000, 165.899780),
CFrame.new(-105.699669, 5.000000, 165.899780),
CFrame.new(-105.699669, 5.000000, 165.899780),
CFrame.new(-105.699669, 3.000000, 165.899780),
CFrame.new(-105.699669, 3.000000, 165.899780),
CFrame.new(-105.699669, 1.000000, 165.899780),
CFrame.new(-105.699669, 1.000000, 165.899780),
CFrame.new(-105.699669, 24.000000, 162.899780),
CFrame.new(-105.699669, 42.000000, 162.899780),
CFrame.new(-105.899666, 92.000000, 140.899780),
CFrame.new(-105.699669, 90.000000, 165.899780),
CFrame.new(-105.699669, 80.000000, 162.899780),
CFrame.new(-105.899666, 92.000000, 126.899780),
CFrame.new(-105.699669, 86.000000, 165.899780),
CFrame.new(-105.699669, 84.000000, 165.899780),
CFrame.new(-105.699669, 92.000000, 165.899780),
CFrame.new(-105.699669, 88.000000, 165.899780),
CFrame.new(-105.699669, 82.000000, 165.899780),
CFrame.new(-105.699669, 80.000000, 166.899780),
CFrame.new(-105.899666, 92.000000, 114.899780),
CFrame.new(-105.699669, 67.000000, 169.899780),
CFrame.new(-105.699669, 75.000000, 167.899780),
CFrame.new(-105.699669, 65.000000, 169.899780),
CFrame.new(-105.699669, 73.000000, 166.899780),
CFrame.new(-105.699669, 71.000000, 165.899780),
CFrame.new(-105.699669, 69.000000, 165.899780),
CFrame.new(-105.699669, 69.000000, 165.899780),
CFrame.new(-105.699669, 67.000000, 165.899780),
CFrame.new(-105.699669, 67.000000, 165.899780),
CFrame.new(-105.699669, 38.000000, 165.899780),
CFrame.new(-105.699669, 40.000000, 165.899780),
CFrame.new(-105.699669, 42.000000, 166.899780),
CFrame.new(-105.699669, 24.000000, 170.899780),
CFrame.new(-105.699669, 19.000000, 171.899780),
CFrame.new(-105.699669, 17.000000, 172.899780),
CFrame.new(-105.699669, 9.000000, 173.899780),
CFrame.new(-105.699669, 9.000000, 173.899780),
CFrame.new(-105.699669, 42.000000, 170.899780),
CFrame.new(-105.699669, 13.000000, 173.899780),
CFrame.new(-105.699669, 11.000000, 173.899780),
CFrame.new(-105.699669, 13.000000, 173.899780),
CFrame.new(-105.699669, 11.000000, 173.899780),
CFrame.new(-105.699669, 65.000000, 165.899780),
CFrame.new(-105.699669, 65.000000, 165.899780),
CFrame.new(-105.699669, 63.000000, 165.899780),
CFrame.new(-105.699669, 63.000000, 165.899780),
CFrame.new(-105.699669, 61.000000, 165.899780),
CFrame.new(-105.699669, 61.000000, 165.899780),
CFrame.new(-105.699669, 59.000000, 165.899780),
CFrame.new(-105.699669, 59.000000, 165.899780),
CFrame.new(-105.699669, 57.000000, 165.899780),
CFrame.new(-105.699669, 57.000000, 165.899780),
CFrame.new(-105.699669, 34.000000, 165.899780),
CFrame.new(-105.699669, 36.000000, 165.899780),
CFrame.new(-105.699669, 11.000000, 169.899780),
CFrame.new(-105.699669, 7.000000, 173.899780),
CFrame.new(-105.699669, 7.000000, 173.899780),
CFrame.new(-105.699669, 5.000000, 173.899780),
CFrame.new(-105.699669, 3.000000, 173.899780),
CFrame.new(-105.699669, 5.000000, 173.899780),
CFrame.new(-105.699669, 3.000000, 173.899780),
CFrame.new(-105.699669, 1.000000, 173.899780),
CFrame.new(-105.699669, 1.000000, 173.899780),
CFrame.new(-105.699669, 15.000000, 165.899780),
CFrame.new(-105.699669, 13.000000, 165.899780),
CFrame.new(-105.699669, 13.000000, 165.899780),
CFrame.new(-105.699669, 11.000000, 165.899780),
CFrame.new(-105.699669, 11.000000, 165.899780),
CFrame.new(-105.699669, 24.000000, 166.899780),
CFrame.new(-105.699669, 19.000000, 167.899780),
CFrame.new(-105.699669, 17.000000, 166.899780),
CFrame.new(-105.699669, 30.000000, 165.899780),
CFrame.new(-105.699669, 28.000000, 165.899780),
CFrame.new(-105.699669, 32.000000, 165.899780),
CFrame.new(-105.699669, 26.000000, 165.899780),
CFrame.new(-105.699669, 9.000000, 169.899780),
CFrame.new(-105.899666, 92.000000, 91.899780),
CFrame.new(-105.699669, 92.000000, 47.899780),
CFrame.new(-105.699669, 92.000000, 57.899780),
CFrame.new(-105.699669, 92.000000, 52.899780),
CFrame.new(-105.699669, 80.000000, 170.899780),
CFrame.new(-105.899666, 92.000000, 108.899780),
CFrame.new(-105.699669, 92.000000, 70.899780),
CFrame.new(-105.699669, 75.000000, 171.899780),
CFrame.new(-105.699669, 73.000000, 172.899780),
CFrame.new(-105.699669, 65.000000, 173.899780),
CFrame.new(-105.699669, 63.000000, 173.899780),
CFrame.new(-105.699669, 65.000000, 173.899780),
CFrame.new(-105.699669, 63.000000, 173.899780),
CFrame.new(-105.699669, 69.000000, 173.899780),
CFrame.new(-105.699669, 67.000000, 173.899780),
CFrame.new(-105.699669, 71.000000, 173.899780),
CFrame.new(-105.699669, 69.000000, 173.899780),
CFrame.new(-105.699669, 67.000000, 173.899780),
CFrame.new(-105.699669, 61.000000, 173.899780),
CFrame.new(-105.699669, 59.000000, 173.899780),
CFrame.new(-105.699669, 61.000000, 173.899780),
CFrame.new(-105.699669, 59.000000, 173.899780),
CFrame.new(-105.699669, 15.000000, 173.899780),
CFrame.new(-105.699669, 19.000000, 179.899780),
CFrame.new(-105.699669, 3.000000, 179.899780),
CFrame.new(-105.699669, 1.000000, 179.899780),
CFrame.new(-105.699669, 13.000000, 179.899780),
CFrame.new(-105.699669, 11.000000, 179.899780),
CFrame.new(-105.699669, 9.000000, 179.899780),
CFrame.new(-105.699669, 7.000000, 179.899780),
CFrame.new(-105.699669, 5.000000, 179.899780),
CFrame.new(-105.699669, 17.000000, 179.899780),
CFrame.new(-105.699669, 15.000000, 179.899780),
CFrame.new(-105.699669, 75.000000, 179.899780),
CFrame.new(-105.699669, 73.000000, 179.899780),
CFrame.new(-105.699669, 71.000000, 179.899780),
CFrame.new(-105.699669, 69.000000, 179.899780),
CFrame.new(-105.699669, 67.000000, 179.899780),
CFrame.new(-105.699669, 65.000000, 179.899780),
CFrame.new(-105.699669, 63.000000, 179.899780),
CFrame.new(-105.699669, 61.000000, 179.899780),
CFrame.new(-105.699669, 59.000000, 179.899780),
CFrame.new(-105.699669, 57.000000, 179.899780),
CFrame.new(-105.699669, 11.000000, 183.899780),
CFrame.new(-105.699669, 9.000000, 183.899780),
CFrame.new(-105.699669, 1.000000, 187.899780),
CFrame.new(-105.699669, 92.000000, 41.899780),
CFrame.new(-105.899666, 93.000000, 83.899780),
CFrame.new(-105.699669, 67.000000, 187.899780),
CFrame.new(-105.699669, 65.000000, 187.899780),
CFrame.new(-105.699669, 63.000000, 187.899780),
CFrame.new(-105.699669, 61.000000, 187.899780),
CFrame.new(-105.699669, 59.000000, 187.899780),
CFrame.new(-105.699669, 57.000000, 187.899780),
CFrame.new(-105.699669, 67.000000, 183.899780),
CFrame.new(-105.699669, 65.000000, 183.899780),
CFrame.new(-105.699669, 19.000000, 187.899780),
CFrame.new(-105.699669, 15.000000, 187.899780),
CFrame.new(-105.699669, 17.000000, 187.899780),
CFrame.new(-105.699669, 13.000000, 187.899780),
CFrame.new(-105.699669, 11.000000, 187.899780),
CFrame.new(-105.699669, 9.000000, 187.899780),
CFrame.new(-105.699669, 7.000000, 187.899780),
CFrame.new(-105.699669, 5.000000, 187.899780),
CFrame.new(-105.699669, 3.000000, 187.899780),
CFrame.new(-105.899666, 94.000000, 126.899780),
CFrame.new(-105.699669, 94.000000, 165.899780),
CFrame.new(-105.699669, 93.000000, 53.899780),
CFrame.new(-105.899666, 94.000000, 114.899780),
CFrame.new(-105.899666, 94.000000, 140.899780),
CFrame.new(-105.699669, 75.000000, 187.899780),
CFrame.new(-105.699669, 71.000000, 187.899780),
CFrame.new(-105.699669, 73.000000, 187.899780),
CFrame.new(-105.699669, 69.000000, 187.899780),
CFrame.new(-105.899666, 94.000000, 91.899780),
CFrame.new(-105.899666, 94.000000, 108.899780),
CFrame.new(-105.699669, 94.000000, 54.899780),
CFrame.new(-105.699669, 94.000000, 57.899780),
CFrame.new(-105.699669, 94.000000, 70.899780),
CFrame.new(-105.699669, 94.000000, 29.899780),
CFrame.new(-105.699669, 94.000000, 40.899780),
CFrame.new(-105.699669, 94.000000, 47.899780),
CFrame.new(-105.899666, 95.000000, 82.899780),
CFrame.new(-105.699669, 96.000000, 165.899780),
CFrame.new(-105.899666, 96.000000, 140.899780),
CFrame.new(-105.899666, 96.000000, 91.899780),
CFrame.new(-105.899666, 96.000000, 132.899780),
CFrame.new(-105.899666, 96.000000, 126.899780),
CFrame.new(-105.899666, 96.000000, 136.899780),
CFrame.new(-105.899666, 96.000000, 106.899780),
CFrame.new(-105.699669, 95.000000, 55.899780),
CFrame.new(-105.899666, 96.000000, 114.899780),
CFrame.new(-105.899666, 96.000000, 106.899780),
CFrame.new(-105.699669, 96.000000, 70.899780),
CFrame.new(-105.699669, 96.000000, 39.899780),
CFrame.new(-105.699669, 96.000000, 57.899780),
CFrame.new(-105.699669, 96.000000, 47.899780),
CFrame.new(-105.699669, 96.000000, 29.899780),
CFrame.new(-105.699669, 98.000000, 170.899780),
CFrame.new(-105.699669, 98.000000, 162.899780),
CFrame.new(-105.699669, 98.000000, 166.899780),
CFrame.new(-105.899666, 97.000000, 82.899780),
CFrame.new(-105.699669, 98.000000, 158.899780),
CFrame.new(-105.899666, 98.000000, 140.899780),
CFrame.new(-105.899666, 98.000000, 100.899780),
CFrame.new(-105.899666, 98.000000, 126.899780),
CFrame.new(-105.899666, 98.000000, 136.899780),
CFrame.new(-105.899666, 98.000000, 114.899780),
CFrame.new(-105.699669, 97.000000, 56.899780),
CFrame.new(-105.899666, 98.000000, 104.899780),
CFrame.new(-105.899666, 98.000000, 132.899780),
CFrame.new(-105.899666, 98.000000, 98.899780),
CFrame.new(-105.899666, 98.000000, 82.899780),
CFrame.new(-105.899666, 98.000000, 91.899780),
CFrame.new(-105.699669, 98.000000, 71.899780),
CFrame.new(-105.699669, 98.000000, 75.899780),
CFrame.new(-105.699669, 98.000000, 29.899780),
CFrame.new(-105.699669, 98.000000, 33.899780),
CFrame.new(-105.699669, 98.000000, 37.899780),
CFrame.new(-105.699669, 98.000000, 47.899780),
CFrame.new(-105.699669, 98.000000, 57.899780),
CFrame.new(-105.699669, 98.000000, 63.899780),
CFrame.new(-105.699669, 98.000000, 67.899780),
CFrame.new(-105.699669, 57.000000, 173.899780)
}
if game.Players.LocalPlayer.Backpack:FindFirstChild("BlockTools") then
    for _,v in pairs(game.Players.LocalPlayer.Backpack:GetDescendants()) do
        if v.Name == "BlockTools" then
            v.Parent = game.Players.LocalPlayer.Character
        end
    end
end
for _, v in pairs(CFrames) do
    game:GetService("ReplicatedStorage").NrANkuyIc5KfeR4RdAxwCdZBch1yXu:FireServer("lX4sh0KQ80yq8SzLlIOUzAwR4T4Bfj", "BlockTools", v)
end
if game.Players.LocalPlayer.Character:FindFirstChild("BlockTools") then
    for _,v in pairs(game.Players.LocalPlayer.Character:GetDescendants()) do
        if v.Name == "BlockTools" then
            v.Parent = game.Players.LocalPlayer.Backpack
        end
    end
end
