CFrames = {
CFrame.new(81.500328, 10.000000, 336.899658),
CFrame.new(81.500328, 8.000000, 337.899658),
CFrame.new(81.500328, 6.000000, 338.899658),
CFrame.new(81.500328, 4.000000, 338.899658),
CFrame.new(81.500328, 3.000000, 337.899658),
CFrame.new(81.500328, 16.000000, 338.899658),
CFrame.new(81.500328, 17.000000, 338.899658),
CFrame.new(81.500328, 18.000000, 337.899658),
CFrame.new(81.500328, 2.000000, 336.899658),
CFrame.new(81.500328, 1.000000, 335.899658),
CFrame.new(81.500328, 19.000000, 336.899658),
CFrame.new(81.500328, 10.000000, 334.899658),
CFrame.new(81.500328, 10.000000, 334.899658),
CFrame.new(81.500328, 19.000000, 334.899658),
CFrame.new(81.500328, 18.000000, 333.899658),
CFrame.new(81.500328, 17.000000, 332.899658),
CFrame.new(81.500328, 2.000000, 332.899658),
CFrame.new(81.500328, 1.000000, 333.899658),
CFrame.new(81.500328, 10.000000, 332.899658),
CFrame.new(81.500328, 16.000000, 331.899658),
CFrame.new(81.500328, 14.000000, 331.899658),
CFrame.new(81.500328, 12.000000, 331.899658),
CFrame.new(81.500328, 4.000000, 331.899658),
CFrame.new(81.500328, 3.000000, 331.899658),
CFrame.new(81.500328, 16.000000, 325.899780),
CFrame.new(81.500328, 17.000000, 324.899780),
CFrame.new(81.500328, 18.000000, 323.899780),
CFrame.new(81.500328, 19.000000, 322.899780),
CFrame.new(81.500328, 10.000000, 325.899780),
CFrame.new(81.500328, 12.000000, 325.899780),
CFrame.new(81.500328, 14.000000, 325.899780),
CFrame.new(81.500328, 30.000000, 318.899780),
CFrame.new(81.500328, 32.000000, 317.899780),
CFrame.new(81.500328, 32.000000, 313.899780),
CFrame.new(81.500328, 26.000000, 318.899780),
CFrame.new(81.500328, 24.000000, 318.899780),
CFrame.new(81.500328, 28.000000, 318.899780),
CFrame.new(81.500328, 24.000000, 314.899780),
CFrame.new(81.500328, 19.000000, 314.899780),
CFrame.new(81.500328, 10.000000, 317.899780),
CFrame.new(81.500328, 10.000000, 321.899780),
CFrame.new(81.500328, 4.000000, 321.899780),
CFrame.new(81.500328, 1.000000, 323.899780),
CFrame.new(81.500328, 2.000000, 323.899780),
CFrame.new(81.500328, 3.000000, 322.899780),
CFrame.new(81.500328, 9.000000, 318.899780),
CFrame.new(81.500328, 7.000000, 318.899780),
CFrame.new(81.500328, 6.000000, 319.899780),
CFrame.new(81.500328, 19.000000, 318.899780),
CFrame.new(81.500328, 5.000000, 320.899780),
CFrame.new(81.500328, 38.000000, 316.899780),
CFrame.new(81.500328, 1.000000, 314.899780),
CFrame.new(81.500328, 3.000000, 314.899780),
CFrame.new(81.500328, 5.000000, 314.899780),
CFrame.new(81.500328, 7.000000, 314.899780),
CFrame.new(81.500328, 9.000000, 314.899780),
CFrame.new(81.500328, 11.000000, 314.899780),
CFrame.new(81.500328, 13.000000, 314.899780),
CFrame.new(81.500328, 15.000000, 314.899780),
CFrame.new(81.500328, 17.000000, 314.899780),
CFrame.new(81.500328, 40.000000, 316.899780),
CFrame.new(81.500328, 40.000000, 306.899780),
CFrame.new(81.500328, 38.000000, 305.899780),
CFrame.new(81.500328, 24.000000, 310.899780),
CFrame.new(81.500328, 24.000000, 308.899780),
CFrame.new(81.500328, 26.000000, 307.899780),
CFrame.new(81.500328, 28.000000, 306.899780),
CFrame.new(81.500328, 17.000000, 306.899780),
CFrame.new(81.500328, 19.000000, 306.899780),
CFrame.new(81.500328, 11.000000, 306.899780),
CFrame.new(81.500328, 3.000000, 308.899780),
CFrame.new(81.500328, 9.000000, 308.899780),
CFrame.new(81.500328, 11.000000, 308.899780),
CFrame.new(81.500328, 17.000000, 308.899780),
CFrame.new(81.500328, 19.000000, 308.899780),
CFrame.new(81.500328, 42.000000, 316.899780),
CFrame.new(81.500328, 42.000000, 312.899780),
CFrame.new(81.500328, 42.000000, 308.899780),
CFrame.new(81.500328, 1.000000, 306.899780),
CFrame.new(81.500328, 3.000000, 306.899780),
CFrame.new(81.500328, 9.000000, 306.899780),
CFrame.new(81.500328, 1.000000, 308.899780),
CFrame.new(81.500328, 34.000000, 304.899780),
CFrame.new(81.500328, 36.000000, 304.899780),
CFrame.new(81.500328, 32.000000, 304.899780),
CFrame.new(81.500328, 30.000000, 304.899780),
CFrame.new(81.500328, 42.000000, 298.899780),
CFrame.new(81.500328, 41.000000, 289.899780),
CFrame.new(81.500328, 39.000000, 290.899780),
CFrame.new(81.500328, 40.000000, 298.899780),
CFrame.new(81.500328, 36.000000, 298.899780),
CFrame.new(81.500328, 34.000000, 298.899780),
CFrame.new(81.500328, 38.000000, 298.899780),
CFrame.new(81.500328, 34.000000, 294.899780),
CFrame.new(81.500328, 37.000000, 292.899780),
CFrame.new(81.500328, 38.000000, 291.899780),
CFrame.new(81.500328, 36.000000, 293.899780),
CFrame.new(81.500328, 24.000000, 298.899780),
CFrame.new(81.500328, 30.000000, 298.899780),
CFrame.new(81.500328, 32.000000, 298.899780),
CFrame.new(81.500328, 29.000000, 297.899780),
CFrame.new(81.500328, 31.000000, 296.899780),
CFrame.new(81.500328, 32.000000, 295.899780),
CFrame.new(81.500328, 17.000000, 294.899780),
CFrame.new(81.500328, 15.000000, 294.899780),
CFrame.new(81.500328, 9.000000, 295.899780),
CFrame.new(81.500328, 7.000000, 296.899780),
CFrame.new(81.500328, 5.000000, 296.899780),
CFrame.new(81.500328, 3.000000, 296.899780),
CFrame.new(81.500328, 1.000000, 296.899780),
CFrame.new(81.500328, 19.000000, 294.899780),
CFrame.new(81.500328, 19.000000, 290.899780),
CFrame.new(81.500328, 28.000000, 298.899780),
CFrame.new(81.500328, 26.000000, 298.899780),
CFrame.new(81.500328, 1.000000, 302.899780),
CFrame.new(81.500328, 3.000000, 302.899780),
CFrame.new(81.500328, 5.000000, 302.899780),
CFrame.new(81.500328, 7.000000, 302.899780),
CFrame.new(81.500328, 9.000000, 302.899780),
CFrame.new(81.500328, 11.000000, 302.899780),
CFrame.new(81.500328, 13.000000, 302.899780),
CFrame.new(81.500328, 15.000000, 302.899780),
CFrame.new(81.500328, 17.000000, 302.899780),
CFrame.new(81.500328, 19.000000, 302.899780),
CFrame.new(81.500328, 9.000000, 291.899780),
CFrame.new(81.500328, 1.000000, 292.899780),
CFrame.new(81.500328, 42.000000, 288.899780),
CFrame.new(81.500328, 40.000000, 288.899780),
CFrame.new(81.500328, 28.000000, 288.899780),
CFrame.new(81.500328, 30.000000, 288.899780),
CFrame.new(81.500328, 34.000000, 288.899780),
CFrame.new(81.500328, 36.000000, 288.899780),
CFrame.new(81.500328, 38.000000, 288.899780),
CFrame.new(81.500328, 32.000000, 288.899780),
CFrame.new(81.500328, 42.000000, 282.899780),
CFrame.new(81.500328, 42.000000, 278.899780),
CFrame.new(81.500328, 24.000000, 288.899780),
CFrame.new(81.500328, 26.000000, 288.899780),
CFrame.new(81.500328, 24.000000, 282.899780),
CFrame.new(81.500328, 7.000000, 277.899780),
CFrame.new(81.500328, 5.000000, 277.899780),
CFrame.new(81.500328, 3.000000, 277.899780),
CFrame.new(81.500328, 7.000000, 282.899780),
CFrame.new(81.500328, 9.000000, 282.899780),
CFrame.new(81.500328, 1.000000, 277.899780),
CFrame.new(81.500328, 1.000000, 288.899780),
CFrame.new(81.500328, 1.000000, 286.899780),
CFrame.new(81.500328, 19.000000, 286.899780),
CFrame.new(81.500328, 3.000000, 285.899780),
CFrame.new(81.500328, 5.000000, 284.899780),
CFrame.new(81.500328, 17.000000, 284.899780),
CFrame.new(81.500328, 15.000000, 283.899780),
CFrame.new(81.500328, 11.000000, 282.899780),
CFrame.new(81.500328, 13.000000, 282.899780),
CFrame.new(81.500328, 24.000000, 278.899780),
CFrame.new(81.500328, 57.000000, 336.899658),
CFrame.new(81.500328, 56.000000, 335.899658),
CFrame.new(81.500328, 57.000000, 332.899658),
CFrame.new(81.500328, 56.000000, 333.899658),
CFrame.new(81.500328, 56.000000, 323.899780),
CFrame.new(81.500328, 57.000000, 323.899780),
CFrame.new(81.500328, 56.000000, 314.899780),
CFrame.new(81.500328, 56.000000, 296.899780),
CFrame.new(81.500328, 56.000000, 306.899780),
CFrame.new(81.500328, 56.000000, 308.899780),
CFrame.new(81.500328, 56.000000, 302.899780),
CFrame.new(81.500328, 56.000000, 277.899780),
CFrame.new(81.500328, 56.000000, 288.899780),
CFrame.new(81.500328, 56.000000, 286.899780),
CFrame.new(81.500328, 56.000000, 292.899780),
CFrame.new(81.500328, 42.000000, 274.899780),
CFrame.new(81.500328, 40.000000, 275.899780),
CFrame.new(81.500328, 9.000000, 272.899780),
CFrame.new(81.500328, 19.000000, 271.899780),
CFrame.new(81.500328, 9.000000, 276.899780),
CFrame.new(81.500328, 24.000000, 274.899780),
CFrame.new(81.500328, 26.000000, 275.899780),
CFrame.new(81.500328, 38.000000, 275.899780),
CFrame.new(81.500328, 36.000000, 275.899780),
CFrame.new(81.500328, 34.000000, 275.899780),
CFrame.new(81.500328, 32.000000, 275.899780),
CFrame.new(81.500328, 28.000000, 275.899780),
CFrame.new(81.500328, 30.000000, 275.899780),
CFrame.new(81.500328, 15.000000, 275.899780),
CFrame.new(81.500328, 1.000000, 273.899780),
CFrame.new(81.500328, 19.000000, 275.899780),
CFrame.new(81.500328, 17.000000, 275.899780),
CFrame.new(81.500328, 59.000000, 338.899658),
CFrame.new(81.500328, 58.000000, 337.899658),
CFrame.new(81.500328, 59.000000, 331.899658),
CFrame.new(81.500328, 58.000000, 331.899658),
CFrame.new(81.500328, 59.000000, 321.899780),
CFrame.new(81.500328, 58.000000, 322.899780),
CFrame.new(81.500328, 60.000000, 320.899780),
CFrame.new(81.500328, 58.000000, 308.899780),
CFrame.new(81.500328, 58.000000, 314.899780),
CFrame.new(81.500328, 60.000000, 314.899780),
CFrame.new(81.500328, 60.000000, 296.899780),
CFrame.new(81.500328, 58.000000, 296.899780),
CFrame.new(81.500328, 58.000000, 306.899780),
CFrame.new(81.500328, 58.000000, 302.899780),
CFrame.new(81.500328, 60.000000, 302.899780),
CFrame.new(81.500328, 60.000000, 277.899780),
CFrame.new(81.500328, 58.000000, 277.899780),
CFrame.new(81.500328, 58.000000, 285.899780),
CFrame.new(81.500328, 60.000000, 284.899780),
CFrame.new(81.500328, 56.000000, 273.899780),
CFrame.new(81.500328, 42.000000, 270.899780),
CFrame.new(81.500328, 24.000000, 270.899780),
CFrame.new(81.700325, 42.000000, 263.899780),
CFrame.new(81.700325, 30.000000, 261.899780),
CFrame.new(81.700325, 35.000000, 260.899780),
CFrame.new(81.700325, 41.000000, 263.899780),
CFrame.new(81.500328, 1.000000, 269.899780),
CFrame.new(81.500328, 1.000000, 267.899780),
CFrame.new(81.500328, 3.000000, 266.899780),
CFrame.new(81.500328, 5.000000, 265.899780),
CFrame.new(81.500328, 19.000000, 267.899780),
CFrame.new(81.500328, 17.000000, 265.899780),
CFrame.new(81.500328, 15.000000, 264.899780),
CFrame.new(81.500328, 7.000000, 263.899780),
CFrame.new(81.500328, 11.000000, 263.899780),
CFrame.new(81.500328, 9.000000, 263.899780),
CFrame.new(81.500328, 13.000000, 263.899780),
CFrame.new(81.700325, 37.000000, 262.899780),
CFrame.new(81.700325, 28.000000, 263.899780),
CFrame.new(81.700325, 39.000000, 263.899780),
CFrame.new(81.700325, 24.000000, 264.899780),
CFrame.new(81.700325, 26.000000, 264.899780),
CFrame.new(81.500328, 65.000000, 334.899658),
CFrame.new(81.500328, 65.000000, 334.899658),
CFrame.new(81.500328, 65.000000, 336.899658),
CFrame.new(81.500328, 63.000000, 337.899658),
CFrame.new(81.500328, 61.000000, 338.899658),
CFrame.new(81.500328, 65.000000, 325.899780),
CFrame.new(81.500328, 65.000000, 332.899658),
CFrame.new(81.500328, 65.000000, 317.899780),
CFrame.new(81.500328, 65.000000, 321.899780),
CFrame.new(81.500328, 64.000000, 318.899780),
CFrame.new(81.500328, 62.000000, 318.899780),
CFrame.new(81.500328, 61.000000, 319.899780),
CFrame.new(81.500328, 64.000000, 308.899780),
CFrame.new(81.500328, 62.000000, 314.899780),
CFrame.new(81.500328, 64.000000, 314.899780),
CFrame.new(81.500328, 64.000000, 295.899780),
CFrame.new(81.500328, 62.000000, 296.899780),
CFrame.new(81.500328, 64.000000, 306.899780),
CFrame.new(81.500328, 62.000000, 302.899780),
CFrame.new(81.500328, 64.000000, 302.899780),
CFrame.new(81.500328, 64.000000, 272.899780),
CFrame.new(81.500328, 64.000000, 276.899780),
CFrame.new(81.500328, 62.000000, 277.899780),
CFrame.new(81.500328, 62.000000, 282.899780),
CFrame.new(81.500328, 64.000000, 282.899780),
CFrame.new(81.500328, 64.000000, 291.899780),
CFrame.new(81.500328, 56.000000, 269.899780),
CFrame.new(81.500328, 56.000000, 267.899780),
CFrame.new(81.500328, 58.000000, 266.899780),
CFrame.new(81.500328, 60.000000, 265.899780),
CFrame.new(81.500328, 62.000000, 263.899780),
CFrame.new(81.500328, 64.000000, 263.899780),
CFrame.new(81.500328, 3.000000, 252.899780),
CFrame.new(81.500328, 17.000000, 252.899780),
CFrame.new(81.500328, 15.000000, 252.899780),
CFrame.new(81.500328, 13.000000, 252.899780),
CFrame.new(81.500328, 11.000000, 252.899780),
CFrame.new(81.500328, 9.000000, 252.899780),
CFrame.new(81.500328, 7.000000, 252.899780),
CFrame.new(81.500328, 5.000000, 252.899780),
CFrame.new(81.500328, 1.000000, 251.899780),
CFrame.new(81.500328, 19.000000, 251.899780),
CFrame.new(81.500328, 1.000000, 255.899780),
CFrame.new(81.500328, 19.000000, 255.899780),
CFrame.new(81.700325, 30.000000, 254.899780),
CFrame.new(81.700325, 34.000000, 254.899780),
CFrame.new(81.700325, 32.000000, 254.899780),
CFrame.new(81.700325, 36.000000, 254.899780),
CFrame.new(81.700325, 38.000000, 254.899780),
CFrame.new(81.700325, 26.000000, 254.899780),
CFrame.new(81.700325, 28.000000, 254.899780),
CFrame.new(81.700325, 24.000000, 254.899780),
CFrame.new(81.700325, 40.000000, 254.899780),
CFrame.new(81.700325, 42.000000, 254.899780),
CFrame.new(81.500328, 1.000000, 259.899780),
CFrame.new(81.500328, 19.000000, 259.899780),
CFrame.new(81.700325, 34.000000, 258.899780),
CFrame.new(81.700325, 32.000000, 258.899780),
CFrame.new(81.700325, 30.000000, 258.899780),
CFrame.new(81.500328, 9.000000, 238.899780),
CFrame.new(81.500328, 8.000000, 239.899780),
CFrame.new(81.700325, 26.000000, 239.899780),
CFrame.new(81.700325, 40.000000, 239.899780),
CFrame.new(81.700325, 40.000000, 239.899780),
CFrame.new(81.700325, 42.000000, 241.899780),
CFrame.new(81.700325, 24.000000, 241.899780),
CFrame.new(81.700325, 24.000000, 245.899780),
CFrame.new(81.700325, 42.000000, 245.899780),
CFrame.new(81.500328, 1.000000, 247.899780),
CFrame.new(81.500328, 1.000000, 241.899780),
CFrame.new(81.500328, 7.000000, 241.899780),
CFrame.new(81.500328, 5.000000, 241.899780),
CFrame.new(81.500328, 3.000000, 241.899780),
CFrame.new(81.500328, 6.000000, 240.899780),
CFrame.new(81.500328, 9.000000, 241.899780),
CFrame.new(81.500328, 13.000000, 241.899780),
CFrame.new(81.500328, 11.000000, 241.899780),
CFrame.new(81.500328, 17.000000, 241.899780),
CFrame.new(81.500328, 15.000000, 241.899780),
CFrame.new(81.500328, 19.000000, 241.899780),
CFrame.new(81.700325, 24.000000, 247.899780),
CFrame.new(81.700325, 42.000000, 247.899780),
CFrame.new(81.500328, 19.000000, 247.899780),
CFrame.new(81.500328, 11.000000, 237.899780),
CFrame.new(81.500328, 13.000000, 236.899780),
CFrame.new(81.500328, 14.000000, 235.899780),
CFrame.new(81.700325, 34.000000, 237.899780),
CFrame.new(81.700325, 36.000000, 237.899780),
CFrame.new(81.700325, 28.000000, 237.899780),
CFrame.new(81.700325, 30.000000, 237.899780),
CFrame.new(81.700325, 38.000000, 237.899780),
CFrame.new(81.700325, 32.000000, 237.899780),
CFrame.new(81.500328, 15.000000, 234.899780),
CFrame.new(81.500328, 16.000000, 233.899780),
CFrame.new(81.500328, 72.000000, 324.899780),
CFrame.new(81.500328, 73.000000, 323.899780),
CFrame.new(81.500328, 74.000000, 322.899780),
CFrame.new(81.500328, 71.000000, 331.899658),
CFrame.new(81.500328, 69.000000, 331.899658),
CFrame.new(81.500328, 74.000000, 334.899658),
CFrame.new(81.500328, 73.000000, 333.899658),
CFrame.new(81.500328, 72.000000, 332.899658),
CFrame.new(81.500328, 71.000000, 338.899658),
CFrame.new(81.500328, 72.000000, 338.899658),
CFrame.new(81.500328, 73.000000, 337.899658),
CFrame.new(81.500328, 67.000000, 325.899780),
CFrame.new(81.500328, 69.000000, 325.899780),
CFrame.new(81.500328, 67.000000, 331.899658),
CFrame.new(81.500328, 74.000000, 314.899780),
CFrame.new(81.500328, 74.000000, 318.899780),
CFrame.new(81.500328, 72.000000, 306.899780),
CFrame.new(81.500328, 74.000000, 306.899780),
CFrame.new(81.500328, 66.000000, 306.899780),
CFrame.new(81.500328, 66.000000, 308.899780),
CFrame.new(81.500328, 72.000000, 308.899780),
CFrame.new(81.500328, 74.000000, 308.899780),
CFrame.new(81.500328, 66.000000, 314.899780),
CFrame.new(81.500328, 68.000000, 314.899780),
CFrame.new(81.500328, 70.000000, 314.899780),
CFrame.new(81.500328, 72.000000, 314.899780),
CFrame.new(81.500328, 72.000000, 294.899780),
CFrame.new(81.500328, 70.000000, 294.899780),
CFrame.new(81.500328, 74.000000, 294.899780),
CFrame.new(81.500328, 74.000000, 290.899780),
CFrame.new(81.500328, 66.000000, 302.899780),
CFrame.new(81.500328, 68.000000, 302.899780),
CFrame.new(81.500328, 70.000000, 302.899780),
CFrame.new(81.500328, 72.000000, 302.899780),
CFrame.new(81.500328, 74.000000, 302.899780),
CFrame.new(81.500328, 74.000000, 271.899780),
CFrame.new(81.500328, 74.000000, 286.899780),
CFrame.new(81.500328, 72.000000, 284.899780),
CFrame.new(81.500328, 70.000000, 283.899780),
CFrame.new(81.500328, 66.000000, 282.899780),
CFrame.new(81.500328, 68.000000, 282.899780),
CFrame.new(81.500328, 70.000000, 275.899780),
CFrame.new(81.500328, 74.000000, 275.899780),
CFrame.new(81.500328, 72.000000, 275.899780),
CFrame.new(81.500328, 58.000000, 252.899780),
CFrame.new(81.500328, 72.000000, 252.899780),
CFrame.new(81.500328, 70.000000, 252.899780),
CFrame.new(81.500328, 68.000000, 252.899780),
CFrame.new(81.500328, 66.000000, 252.899780),
CFrame.new(81.500328, 64.000000, 252.899780),
CFrame.new(81.500328, 62.000000, 252.899780),
CFrame.new(81.500328, 60.000000, 252.899780),
CFrame.new(81.500328, 56.000000, 251.899780),
CFrame.new(81.500328, 74.000000, 251.899780),
CFrame.new(81.500328, 56.000000, 255.899780),
CFrame.new(81.500328, 74.000000, 255.899780),
CFrame.new(81.500328, 56.000000, 259.899780),
CFrame.new(81.500328, 74.000000, 259.899780),
CFrame.new(81.500328, 74.000000, 267.899780),
CFrame.new(81.500328, 72.000000, 265.899780),
CFrame.new(81.500328, 70.000000, 264.899780),
CFrame.new(81.500328, 66.000000, 263.899780),
CFrame.new(81.500328, 68.000000, 263.899780),
CFrame.new(81.500328, 64.000000, 238.899780),
CFrame.new(81.500328, 63.000000, 239.899780),
CFrame.new(81.500328, 56.000000, 247.899780),
CFrame.new(81.500328, 56.000000, 241.899780),
CFrame.new(81.500328, 62.000000, 241.899780),
CFrame.new(81.500328, 60.000000, 241.899780),
CFrame.new(81.500328, 58.000000, 241.899780),
CFrame.new(81.500328, 61.000000, 240.899780),
CFrame.new(81.500328, 64.000000, 241.899780),
CFrame.new(81.500328, 68.000000, 241.899780),
CFrame.new(81.500328, 66.000000, 241.899780),
CFrame.new(81.500328, 72.000000, 241.899780),
CFrame.new(81.500328, 70.000000, 241.899780),
CFrame.new(81.500328, 74.000000, 241.899780),
CFrame.new(81.500328, 74.000000, 247.899780),
CFrame.new(81.500328, 66.000000, 237.899780),
CFrame.new(81.500328, 68.000000, 236.899780),
CFrame.new(81.500328, 69.000000, 235.899780),
CFrame.new(81.500328, 70.000000, 234.899780),
CFrame.new(81.500328, 71.000000, 325.899780),
CFrame.new(81.500328, 74.000000, 336.899658),
CFrame.new(81.700325, 40.000000, 219.899780),
CFrame.new(81.700325, 42.000000, 219.899780),
CFrame.new(81.700325, 34.000000, 219.899780),
CFrame.new(81.700325, 38.000000, 219.899780),
CFrame.new(81.700325, 36.000000, 219.899780),
CFrame.new(81.700325, 32.000000, 219.899780),
CFrame.new(81.700325, 30.000000, 219.899780),
CFrame.new(81.700325, 28.000000, 219.899780),
CFrame.new(81.700325, 26.000000, 223.899780),
CFrame.new(81.700325, 24.000000, 223.899780),
CFrame.new(81.700325, 24.000000, 223.899780),
CFrame.new(81.700325, 26.000000, 223.899780),
CFrame.new(81.500328, 1.000000, 216.899780),
CFrame.new(81.500328, 3.000000, 216.899780),
CFrame.new(81.500328, 5.000000, 216.899780),
CFrame.new(81.500328, 7.000000, 216.899780),
CFrame.new(81.500328, 9.000000, 215.899780),
CFrame.new(81.700325, 26.000000, 227.899780),
CFrame.new(81.700325, 26.000000, 227.899780),
CFrame.new(81.700325, 24.000000, 227.899780),
CFrame.new(81.700325, 24.000000, 227.899780),
CFrame.new(81.700325, 32.000000, 231.899780),
CFrame.new(81.700325, 34.000000, 231.899780),
CFrame.new(81.700325, 36.000000, 231.899780),
CFrame.new(81.700325, 38.000000, 231.899780),
CFrame.new(81.700325, 40.000000, 231.899780),
CFrame.new(81.700325, 42.000000, 231.899780),
CFrame.new(81.700325, 28.000000, 231.899780),
CFrame.new(81.700325, 30.000000, 231.899780),
CFrame.new(81.500328, 3.000000, 231.899780),
CFrame.new(81.500328, 1.000000, 231.899780),
CFrame.new(81.500328, 9.000000, 231.899780),
CFrame.new(81.500328, 7.000000, 231.899780),
CFrame.new(81.500328, 5.000000, 231.899780),
CFrame.new(81.500328, 18.000000, 232.899780),
CFrame.new(81.500328, 17.000000, 231.899780),
CFrame.new(81.500328, 15.000000, 231.899780),
CFrame.new(81.500328, 13.000000, 231.899780),
CFrame.new(81.500328, 11.000000, 231.899780),
CFrame.new(81.500328, 19.000000, 231.899780),
CFrame.new(81.700325, 38.000000, 205.899780),
CFrame.new(81.700325, 36.000000, 205.899780),
CFrame.new(81.700325, 34.000000, 205.899780),
CFrame.new(81.700325, 32.000000, 205.899780),
CFrame.new(81.700325, 30.000000, 205.899780),
CFrame.new(81.700325, 28.000000, 205.899780),
CFrame.new(81.700325, 40.000000, 205.899780),
CFrame.new(81.700325, 42.000000, 205.899780),
CFrame.new(81.500328, 7.000000, 202.899780),
CFrame.new(81.500328, 9.000000, 202.899780),
CFrame.new(81.500328, 15.000000, 203.899780),
CFrame.new(81.500328, 13.000000, 202.899780),
CFrame.new(81.500328, 11.000000, 202.899780),
CFrame.new(81.500328, 17.000000, 204.899780),
CFrame.new(81.700325, 40.000000, 209.899780),
CFrame.new(81.700325, 42.000000, 209.899780),
CFrame.new(81.700325, 34.000000, 209.899780),
CFrame.new(81.700325, 32.000000, 209.899780),
CFrame.new(81.700325, 24.000000, 205.899780),
CFrame.new(81.700325, 26.000000, 205.899780),
CFrame.new(81.500328, 19.000000, 210.899780),
CFrame.new(81.500328, 1.000000, 206.899780),
CFrame.new(81.500328, 1.000000, 208.899780),
CFrame.new(81.500328, 5.000000, 204.899780),
CFrame.new(81.500328, 3.000000, 205.899780),
CFrame.new(81.500328, 19.000000, 206.899780),
CFrame.new(81.700325, 40.000000, 213.899780),
CFrame.new(81.700325, 42.000000, 213.899780),
CFrame.new(81.700325, 32.000000, 213.899780),
CFrame.new(81.700325, 34.000000, 213.899780),
CFrame.new(81.500328, 1.000000, 212.899780),
CFrame.new(81.500328, 17.000000, 214.899780),
CFrame.new(81.500328, 15.000000, 214.899780),
CFrame.new(81.500328, 19.000000, 214.899780),
CFrame.new(81.500328, 9.000000, 211.899780),
CFrame.new(81.500328, 85.000000, 318.899780),
CFrame.new(81.500328, 81.000000, 318.899780),
CFrame.new(81.500328, 79.000000, 318.899780),
CFrame.new(81.500328, 83.000000, 318.899780),
CFrame.new(81.500328, 79.000000, 314.899780),
CFrame.new(81.500328, 85.000000, 304.899780),
CFrame.new(81.500328, 79.000000, 310.899780),
CFrame.new(81.500328, 79.000000, 308.899780),
CFrame.new(81.500328, 81.000000, 307.899780),
CFrame.new(81.500328, 83.000000, 306.899780),
CFrame.new(81.500328, 83.000000, 288.899780),
CFrame.new(81.500328, 85.000000, 288.899780),
CFrame.new(81.500328, 79.000000, 298.899780),
CFrame.new(81.500328, 85.000000, 298.899780),
CFrame.new(81.500328, 84.000000, 297.899780),
CFrame.new(81.500328, 86.000000, 296.899780),
CFrame.new(81.500328, 83.000000, 298.899780),
CFrame.new(81.500328, 81.000000, 298.899780),
CFrame.new(81.500328, 79.000000, 270.899780),
CFrame.new(81.500328, 79.000000, 288.899780),
CFrame.new(81.500328, 81.000000, 288.899780),
CFrame.new(81.500328, 79.000000, 282.899780),
CFrame.new(81.500328, 79.000000, 274.899780),
CFrame.new(81.500328, 81.000000, 275.899780),
CFrame.new(81.500328, 83.000000, 275.899780),
CFrame.new(81.500328, 85.000000, 275.899780),
CFrame.new(81.500328, 79.000000, 278.899780),
CFrame.new(81.700325, 85.000000, 254.899780),
CFrame.new(81.700325, 81.000000, 254.899780),
CFrame.new(81.700325, 83.000000, 254.899780),
CFrame.new(81.700325, 79.000000, 254.899780),
CFrame.new(81.700325, 85.000000, 261.899780),
CFrame.new(81.700325, 85.000000, 258.899780),
CFrame.new(81.700325, 83.000000, 263.899780),
CFrame.new(81.700325, 79.000000, 264.899780),
CFrame.new(81.700325, 81.000000, 264.899780),
CFrame.new(81.700325, 81.000000, 239.899780),
CFrame.new(81.700325, 79.000000, 241.899780),
CFrame.new(81.700325, 79.000000, 245.899780),
CFrame.new(81.700325, 79.000000, 247.899780),
CFrame.new(81.700325, 85.000000, 219.899780),
CFrame.new(81.700325, 83.000000, 219.899780),
CFrame.new(81.700325, 81.000000, 223.899780),
CFrame.new(81.700325, 79.000000, 223.899780),
CFrame.new(81.700325, 79.000000, 223.899780),
CFrame.new(81.700325, 81.000000, 223.899780),
CFrame.new(81.500328, 56.000000, 216.899780),
CFrame.new(81.500328, 58.000000, 216.899780),
CFrame.new(81.500328, 60.000000, 216.899780),
CFrame.new(81.500328, 62.000000, 216.899780),
CFrame.new(81.500328, 64.000000, 215.899780),
CFrame.new(81.700325, 81.000000, 227.899780),
CFrame.new(81.700325, 81.000000, 227.899780),
CFrame.new(81.700325, 79.000000, 227.899780),
CFrame.new(81.700325, 79.000000, 227.899780),
CFrame.new(81.700325, 83.000000, 237.899780),
CFrame.new(81.700325, 85.000000, 237.899780),
CFrame.new(81.700325, 83.000000, 231.899780),
CFrame.new(81.700325, 85.000000, 231.899780),
CFrame.new(81.500328, 58.000000, 231.899780),
CFrame.new(81.500328, 56.000000, 231.899780),
CFrame.new(81.500328, 64.000000, 231.899780),
CFrame.new(81.500328, 62.000000, 231.899780),
CFrame.new(81.500328, 60.000000, 231.899780),
CFrame.new(81.500328, 73.000000, 232.899780),
CFrame.new(81.500328, 72.000000, 231.899780),
CFrame.new(81.500328, 70.000000, 231.899780),
CFrame.new(81.500328, 71.000000, 233.899780),
CFrame.new(81.500328, 68.000000, 231.899780),
CFrame.new(81.500328, 66.000000, 231.899780),
CFrame.new(81.500328, 74.000000, 231.899780),
CFrame.new(81.700325, 85.000000, 205.899780),
CFrame.new(81.700325, 83.000000, 205.899780),
CFrame.new(81.500328, 62.000000, 202.899780),
CFrame.new(81.500328, 64.000000, 202.899780),
CFrame.new(81.500328, 70.000000, 203.899780),
CFrame.new(81.500328, 72.000000, 204.899780),
CFrame.new(81.700325, 79.000000, 205.899780),
CFrame.new(81.700325, 81.000000, 205.899780),
CFrame.new(81.500328, 74.000000, 210.899780),
CFrame.new(81.500328, 56.000000, 206.899780),
CFrame.new(81.500328, 56.000000, 208.899780),
CFrame.new(81.500328, 60.000000, 204.899780),
CFrame.new(81.500328, 58.000000, 205.899780),
CFrame.new(81.500328, 74.000000, 206.899780),
CFrame.new(81.500328, 56.000000, 212.899780),
CFrame.new(81.500328, 72.000000, 214.899780),
CFrame.new(81.500328, 70.000000, 214.899780),
CFrame.new(81.500328, 74.000000, 214.899780),
CFrame.new(81.500328, 64.000000, 211.899780),
CFrame.new(81.500328, 7.000000, 196.899780),
CFrame.new(81.500328, 5.000000, 196.899780),
CFrame.new(81.500328, 3.000000, 196.899780),
CFrame.new(81.500328, 1.000000, 196.899780),
CFrame.new(81.500328, 9.000000, 196.899780),
CFrame.new(81.500328, 6.000000, 195.899780),
CFrame.new(81.500328, 13.000000, 196.899780),
CFrame.new(81.500328, 11.000000, 196.899780),
CFrame.new(81.500328, 17.000000, 196.899780),
CFrame.new(81.500328, 19.000000, 196.899780),
CFrame.new(81.500328, 15.000000, 196.899780),
CFrame.new(81.500328, 87.000000, 317.899780),
CFrame.new(81.500328, 87.000000, 313.899780),
CFrame.new(81.500328, 87.000000, 304.899780),
CFrame.new(81.500328, 87.000000, 298.899780),
CFrame.new(81.500328, 87.000000, 295.899780),
CFrame.new(81.500328, 87.000000, 288.899780),
CFrame.new(81.500328, 87.000000, 275.899780),
CFrame.new(81.700325, 87.000000, 254.899780),
CFrame.new(81.700325, 87.000000, 258.899780),
CFrame.new(81.700325, 87.000000, 219.899780),
CFrame.new(81.700325, 87.000000, 231.899780),
CFrame.new(81.700325, 87.000000, 237.899780),
CFrame.new(81.700325, 87.000000, 205.899780),
CFrame.new(81.500328, 68.000000, 202.899780),
CFrame.new(81.500328, 66.000000, 202.899780),
CFrame.new(81.700325, 87.000000, 209.899780),
CFrame.new(81.700325, 87.000000, 213.899780),
CFrame.new(81.500328, 8.000000, 194.899780),
CFrame.new(81.500328, 9.000000, 193.899780),
CFrame.new(81.500328, 13.000000, 191.899780),
CFrame.new(81.500328, 11.000000, 192.899780),
CFrame.new(81.500328, 14.000000, 190.899780),
CFrame.new(81.500328, 24.000000, 187.899780),
CFrame.new(81.500328, 16.000000, 188.899780),
CFrame.new(81.500328, 18.000000, 187.899780),
CFrame.new(81.500328, 5.000000, 186.899780),
CFrame.new(81.500328, 3.000000, 186.899780),
CFrame.new(81.500328, 1.000000, 186.899780),
CFrame.new(81.500328, 9.000000, 186.899780),
CFrame.new(81.500328, 7.000000, 186.899780),
CFrame.new(81.500328, 13.000000, 186.899780),
CFrame.new(81.500328, 11.000000, 186.899780),
CFrame.new(81.500328, 15.000000, 186.899780),
CFrame.new(81.500328, 17.000000, 186.899780),
CFrame.new(81.500328, 19.000000, 186.899780),
CFrame.new(81.500328, 15.000000, 189.899780),
CFrame.new(81.500328, 42.000000, 187.899780),
CFrame.new(81.500328, 89.000000, 304.899780),
CFrame.new(81.500328, 91.000000, 304.899780),
CFrame.new(81.500328, 91.000000, 298.899780),
CFrame.new(81.500328, 89.000000, 298.899780),
CFrame.new(81.500328, 89.000000, 294.899780),
CFrame.new(81.500328, 89.000000, 288.899780),
CFrame.new(81.500328, 91.000000, 288.899780),
CFrame.new(81.500328, 92.000000, 292.899780),
CFrame.new(81.500328, 91.000000, 293.899780),
CFrame.new(81.500328, 91.000000, 275.899780),
CFrame.new(81.500328, 89.000000, 275.899780),
CFrame.new(81.700325, 89.000000, 254.899780),
CFrame.new(81.700325, 91.000000, 254.899780),
CFrame.new(81.700325, 89.000000, 258.899780),
CFrame.new(81.700325, 90.000000, 260.899780),
CFrame.new(81.700325, 92.000000, 262.899780),
CFrame.new(81.700325, 89.000000, 219.899780),
CFrame.new(81.700325, 91.000000, 219.899780),
CFrame.new(81.700325, 89.000000, 237.899780),
CFrame.new(81.700325, 91.000000, 237.899780),
CFrame.new(81.700325, 89.000000, 231.899780),
CFrame.new(81.700325, 91.000000, 231.899780),
CFrame.new(81.700325, 91.000000, 205.899780),
CFrame.new(81.700325, 89.000000, 205.899780),
CFrame.new(81.700325, 89.000000, 209.899780),
CFrame.new(81.700325, 89.000000, 213.899780),
CFrame.new(81.500328, 62.000000, 196.899780),
CFrame.new(81.500328, 60.000000, 196.899780),
CFrame.new(81.500328, 58.000000, 196.899780),
CFrame.new(81.500328, 56.000000, 196.899780),
CFrame.new(81.500328, 64.000000, 196.899780),
CFrame.new(81.500328, 61.000000, 195.899780),
CFrame.new(81.500328, 68.000000, 196.899780),
CFrame.new(81.500328, 66.000000, 196.899780),
CFrame.new(81.500328, 63.000000, 194.899780),
CFrame.new(81.500328, 72.000000, 196.899780),
CFrame.new(81.500328, 74.000000, 196.899780),
CFrame.new(81.500328, 70.000000, 196.899780),
CFrame.new(81.500328, 64.000000, 193.899780),
CFrame.new(81.500328, 68.000000, 191.899780),
CFrame.new(81.500328, 66.000000, 192.899780),
CFrame.new(81.500328, 69.000000, 190.899780),
CFrame.new(81.500328, 79.000000, 187.899780),
CFrame.new(81.500328, 71.000000, 188.899780),
CFrame.new(81.500328, 73.000000, 187.899780),
CFrame.new(81.500328, 60.000000, 186.899780),
CFrame.new(81.500328, 58.000000, 186.899780),
CFrame.new(81.500328, 56.000000, 186.899780),
CFrame.new(81.500328, 70.000000, 189.899780),
CFrame.new(81.500328, 9.000000, 176.899780),
CFrame.new(81.500328, 26.000000, 180.899780),
CFrame.new(81.500328, 32.000000, 180.899780),
CFrame.new(81.500328, 28.000000, 180.899780),
CFrame.new(81.500328, 30.000000, 180.899780),
CFrame.new(81.500328, 42.000000, 183.899780),
CFrame.new(81.500328, 24.000000, 183.899780),
CFrame.new(81.500328, 17.000000, 179.899780),
CFrame.new(81.500328, 19.000000, 178.899780),
CFrame.new(81.500328, 24.000000, 179.899780),
CFrame.new(81.500328, 1.000000, 180.899780),
CFrame.new(81.500328, 1.000000, 180.899780),
CFrame.new(81.500328, 3.000000, 180.899780),
CFrame.new(81.500328, 3.000000, 180.899780),
CFrame.new(81.500328, 5.000000, 180.899780),
CFrame.new(81.500328, 5.000000, 180.899780),
CFrame.new(81.500328, 7.000000, 180.899780),
CFrame.new(81.500328, 7.000000, 180.899780),
CFrame.new(81.500328, 9.000000, 180.899780),
CFrame.new(81.500328, 9.000000, 180.899780),
CFrame.new(81.500328, 11.000000, 180.899780),
CFrame.new(81.500328, 11.000000, 180.899780),
CFrame.new(81.500328, 13.000000, 180.899780),
CFrame.new(81.500328, 13.000000, 180.899780),
CFrame.new(81.500328, 15.000000, 180.899780),
CFrame.new(81.500328, 42.000000, 175.899780),
CFrame.new(81.500328, 17.000000, 173.899780),
CFrame.new(81.500328, 19.000000, 174.899780),
CFrame.new(81.500328, 11.000000, 176.899780),
CFrame.new(81.500328, 24.000000, 175.899780),
CFrame.new(81.500328, 42.000000, 179.899780),
CFrame.new(81.500328, 40.000000, 180.899780),
CFrame.new(81.500328, 38.000000, 180.899780),
CFrame.new(81.500328, 36.000000, 180.899780),
CFrame.new(81.500328, 34.000000, 180.899780),
CFrame.new(81.500328, 95.000000, 316.899780),
CFrame.new(81.500328, 95.000000, 306.899780),
CFrame.new(81.500328, 93.000000, 316.899780),
CFrame.new(81.500328, 93.000000, 305.899780),
CFrame.new(81.500328, 94.000000, 290.899780),
CFrame.new(81.500328, 95.000000, 288.899780),
CFrame.new(81.500328, 95.000000, 298.899780),
CFrame.new(81.500328, 93.000000, 298.899780),
CFrame.new(81.500328, 93.000000, 291.899780),
CFrame.new(81.500328, 93.000000, 288.899780),
CFrame.new(81.500328, 95.000000, 275.899780),
CFrame.new(81.500328, 93.000000, 275.899780),
CFrame.new(81.700325, 93.000000, 254.899780),
CFrame.new(81.700325, 95.000000, 254.899780),
CFrame.new(81.700325, 94.000000, 263.899780),
CFrame.new(81.700325, 95.000000, 239.899780),
CFrame.new(81.700325, 95.000000, 239.899780),
CFrame.new(81.700325, 95.000000, 219.899780),
CFrame.new(81.700325, 93.000000, 219.899780),
CFrame.new(81.700325, 93.000000, 237.899780),
CFrame.new(81.700325, 93.000000, 231.899780),
CFrame.new(81.700325, 95.000000, 231.899780),
CFrame.new(81.700325, 93.000000, 205.899780),
CFrame.new(81.700325, 95.000000, 205.899780),
CFrame.new(81.700325, 95.000000, 209.899780),
CFrame.new(81.700325, 95.000000, 213.899780),
CFrame.new(81.500328, 64.000000, 186.899780),
CFrame.new(81.500328, 62.000000, 186.899780),
CFrame.new(81.500328, 68.000000, 186.899780),
CFrame.new(81.500328, 66.000000, 186.899780),
CFrame.new(81.500328, 70.000000, 186.899780),
CFrame.new(81.500328, 72.000000, 186.899780),
CFrame.new(81.500328, 74.000000, 186.899780),
CFrame.new(81.500328, 64.000000, 176.899780),
CFrame.new(81.500328, 81.000000, 180.899780),
CFrame.new(81.500328, 87.000000, 180.899780),
CFrame.new(81.500328, 83.000000, 180.899780),
CFrame.new(81.500328, 85.000000, 180.899780),
CFrame.new(81.500328, 79.000000, 183.899780),
CFrame.new(81.500328, 72.000000, 179.899780),
CFrame.new(81.500328, 74.000000, 178.899780),
CFrame.new(81.500328, 79.000000, 179.899780),
CFrame.new(81.500328, 56.000000, 180.899780),
CFrame.new(81.500328, 56.000000, 180.899780),
CFrame.new(81.500328, 58.000000, 180.899780),
CFrame.new(81.500328, 58.000000, 180.899780),
CFrame.new(81.500328, 60.000000, 180.899780),
CFrame.new(81.500328, 60.000000, 180.899780),
CFrame.new(81.500328, 62.000000, 180.899780),
CFrame.new(81.500328, 62.000000, 180.899780),
CFrame.new(81.500328, 64.000000, 180.899780),
CFrame.new(81.500328, 64.000000, 180.899780),
CFrame.new(81.500328, 66.000000, 180.899780),
CFrame.new(81.500328, 66.000000, 180.899780),
CFrame.new(81.500328, 68.000000, 180.899780),
CFrame.new(81.500328, 68.000000, 180.899780),
CFrame.new(81.500328, 70.000000, 180.899780),
CFrame.new(81.500328, 89.000000, 180.899780),
CFrame.new(81.500328, 91.000000, 180.899780),
CFrame.new(81.500328, 93.000000, 180.899780),
CFrame.new(81.500328, 79.000000, 175.899780),
CFrame.new(81.500328, 66.000000, 176.899780),
CFrame.new(81.500328, 62.000000, 172.899780),
CFrame.new(81.500328, 17.000000, 158.899780),
CFrame.new(81.500328, 1.000000, 158.899780),
CFrame.new(81.500328, 3.000000, 158.899780),
CFrame.new(81.500328, 5.000000, 158.899780),
CFrame.new(81.500328, 7.000000, 158.899780),
CFrame.new(81.500328, 9.000000, 158.899780),
CFrame.new(81.500328, 11.000000, 158.899780),
CFrame.new(81.500328, 13.000000, 158.899780),
CFrame.new(81.500328, 15.000000, 158.899780),
CFrame.new(81.500328, 9.000000, 162.899780),
CFrame.new(81.500328, 11.000000, 162.899780),
CFrame.new(81.500328, 15.000000, 166.899780),
CFrame.new(81.500328, 17.000000, 166.899780),
CFrame.new(81.500328, 19.000000, 166.899780),
CFrame.new(81.500328, 5.000000, 166.899780),
CFrame.new(81.500328, 7.000000, 166.899780),
CFrame.new(81.500328, 9.000000, 166.899780),
CFrame.new(81.500328, 11.000000, 166.899780),
CFrame.new(81.500328, 13.000000, 166.899780),
CFrame.new(81.500328, 11.000000, 172.899780),
CFrame.new(81.500328, 13.000000, 172.899780),
CFrame.new(81.500328, 15.000000, 172.899780),
CFrame.new(81.500328, 11.000000, 172.899780),
CFrame.new(81.500328, 13.000000, 172.899780),
CFrame.new(81.500328, 1.000000, 166.899780),
CFrame.new(81.500328, 3.000000, 166.899780),
CFrame.new(81.500328, 1.000000, 172.899780),
CFrame.new(81.500328, 1.000000, 172.899780),
CFrame.new(81.500328, 3.000000, 172.899780),
CFrame.new(81.500328, 5.000000, 172.899780),
CFrame.new(81.500328, 3.000000, 172.899780),
CFrame.new(81.500328, 5.000000, 172.899780),
CFrame.new(81.500328, 7.000000, 172.899780),
CFrame.new(81.500328, 9.000000, 172.899780),
CFrame.new(81.500328, 7.000000, 172.899780),
CFrame.new(81.500328, 9.000000, 172.899780),
CFrame.new(81.500328, 19.000000, 158.899780),
CFrame.new(81.500328, 97.000000, 316.899780),
CFrame.new(81.500328, 97.000000, 312.899780),
CFrame.new(81.500328, 97.000000, 308.899780),
CFrame.new(81.500328, 97.000000, 298.899780),
CFrame.new(81.500328, 97.000000, 288.899780),
CFrame.new(81.500328, 96.000000, 289.899780),
CFrame.new(81.500328, 97.000000, 282.899780),
CFrame.new(81.500328, 97.000000, 274.899780),
CFrame.new(81.500328, 97.000000, 270.899780),
CFrame.new(81.500328, 97.000000, 278.899780),
CFrame.new(81.700325, 97.000000, 254.899780),
CFrame.new(81.700325, 97.000000, 263.899780),
CFrame.new(81.700325, 96.000000, 263.899780),
CFrame.new(81.700325, 97.000000, 241.899780),
CFrame.new(81.700325, 97.000000, 245.899780),
CFrame.new(81.700325, 97.000000, 247.899780),
CFrame.new(81.700325, 97.000000, 219.899780),
CFrame.new(81.700325, 97.000000, 231.899780),
CFrame.new(81.700325, 97.000000, 205.899780),
CFrame.new(81.700325, 97.000000, 209.899780),
CFrame.new(81.700325, 97.000000, 213.899780),
CFrame.new(81.500328, 97.000000, 183.899780),
CFrame.new(81.500328, 97.000000, 187.899780),
CFrame.new(81.500328, 72.000000, 158.899780),
CFrame.new(81.500328, 56.000000, 158.899780),
CFrame.new(81.500328, 58.000000, 158.899780),
CFrame.new(81.500328, 60.000000, 158.899780),
CFrame.new(81.500328, 62.000000, 158.899780),
CFrame.new(81.500328, 64.000000, 158.899780),
CFrame.new(81.500328, 66.000000, 158.899780),
CFrame.new(81.500328, 68.000000, 158.899780),
CFrame.new(81.500328, 70.000000, 158.899780),
CFrame.new(81.500328, 64.000000, 162.899780),
CFrame.new(81.500328, 66.000000, 162.899780),
CFrame.new(81.500328, 70.000000, 166.899780),
CFrame.new(81.500328, 72.000000, 166.899780),
CFrame.new(81.500328, 74.000000, 166.899780),
CFrame.new(81.500328, 60.000000, 166.899780),
CFrame.new(81.500328, 62.000000, 166.899780),
CFrame.new(81.500328, 64.000000, 166.899780),
CFrame.new(81.500328, 66.000000, 166.899780),
CFrame.new(81.500328, 68.000000, 166.899780),
CFrame.new(81.500328, 66.000000, 172.899780),
CFrame.new(81.500328, 68.000000, 172.899780),
CFrame.new(81.500328, 70.000000, 172.899780),
CFrame.new(81.500328, 66.000000, 172.899780),
CFrame.new(81.500328, 68.000000, 172.899780),
CFrame.new(81.500328, 97.000000, 175.899780),
CFrame.new(81.500328, 56.000000, 166.899780),
CFrame.new(81.500328, 58.000000, 166.899780),
CFrame.new(81.500328, 56.000000, 172.899780),
CFrame.new(81.500328, 56.000000, 172.899780),
CFrame.new(81.500328, 58.000000, 172.899780),
CFrame.new(81.500328, 60.000000, 172.899780),
CFrame.new(81.500328, 58.000000, 172.899780),
CFrame.new(81.500328, 60.000000, 172.899780),
CFrame.new(81.500328, 74.000000, 158.899780),
CFrame.new(81.500328, 95.000000, 180.899780),
CFrame.new(81.500328, 97.000000, 179.899780),
CFrame.new(81.500328, 74.000000, 174.899780),
CFrame.new(81.500328, 72.000000, 173.899780),
CFrame.new(81.500328, 64.000000, 172.899780),
CFrame.new(81.500328, 62.000000, 172.899780),
CFrame.new(81.500328, 64.000000, 172.899780)
}
if game.Players.LocalPlayer.Backpack:FindFirstChild("BlockTools") then
    for _,v in pairs(game.Players.LocalPlayer.Backpack:GetDescendants()) do
        if v.Name == "BlockTools" then
            v.Parent = game.Players.LocalPlayer.Character
        end
    end
end
for _, v in pairs(CFrames) do
    game:GetService("ReplicatedStorage").NrANkuyIc5KfeR4RdAxwCdZBch1yXu:FireServer("lX4sh0KQ80yq8SzLlIOUzAwR4T4Bfj", "BlockTools", v)
end
if game.Players.LocalPlayer.Character:FindFirstChild("BlockTools") then
    for _,v in pairs(game.Players.LocalPlayer.Character:GetDescendants()) do
        if v.Name == "BlockTools" then
            v.Parent = game.Players.LocalPlayer.Backpack
        end
    end
end
